/*--------------------------------*- C++ -*----------------------------------*\
  =========                 |
  \\      /  F ield         | OpenFOAM: The Open Source CFD Toolbox
   \\    /   O peration     | Website:  https://openfoam.org
    \\  /    A nd           | Version:  7
     \\/     M anipulation  |
\*---------------------------------------------------------------------------*/
FoamFile
{
    version     2.0;
    format      ascii;
    class       faceList;
    location    "constant/polyMesh";
    object      faces;
}
// * * * * * * * * * * * * * * * * * * * * * * * * * * * * * * * * * * * * * //


68
(
4(43 34 23 37)
4(32 43 37 15)
4(32 12 34 43)
4(43 38 22 37)
4(43 34 19 38)
4(36 43 37 26)
4(14 32 43 36)
4(14 36 26 3)
4(36 43 38 21)
4(36 21 9 26)
4(35 24 34 43)
4(13 35 43 32)
4(35 20 38 43)
4(25 35 43 36)
4(2 25 36 14)
4(25 8 21 36)
4(25 36 44 39)
4(16 39 44 33)
4(14 33 44 36)
4(39 27 42 44)
4(36 44 42 21)
4(39 44 40 30)
4(33 17 40 44)
4(44 40 28 42)
4(36 26 41 44)
4(33 44 41 18)
4(44 42 29 41)
4(44 41 31 40)
4(15 37 23 0)
4(32 15 0 12)
4(37 22 6 23)
4(38 19 6 22)
4(3 26 37 15)
4(14 3 15 32)
4(26 9 22 37)
4(21 38 22 9)
4(13 1 24 35)
4(13 32 12 1)
4(35 24 7 20)
4(20 7 19 38)
4(2 13 35 25)
4(2 14 32 13)
4(25 35 20 8)
4(8 20 38 21)
4(2 25 39 16)
4(2 16 33 14)
4(25 8 27 39)
4(8 21 42 27)
4(16 39 30 4)
4(16 4 17 33)
4(39 27 10 30)
4(27 42 28 10)
4(3 18 41 26)
4(14 33 18 3)
4(26 41 29 9)
4(21 9 29 42)
4(18 5 31 41)
4(33 17 5 18)
4(41 31 11 29)
4(42 29 11 28)
4(12 0 23 34)
4(34 23 6 19)
4(1 12 34 24)
4(24 34 19 7)
4(4 30 40 17)
4(30 10 28 40)
4(17 40 31 5)
4(40 28 11 31)
)


// ************************************************************************* //
