/*--------------------------------*- C++ -*----------------------------------*\
  =========                 |
  \\      /  F ield         | OpenFOAM: The Open Source CFD Toolbox
   \\    /   O peration     | Website:  https://openfoam.org
    \\  /    A nd           | Version:  7
     \\/     M anipulation  |
\*---------------------------------------------------------------------------*/
FoamFile
{
    version     2.0;
    format      ascii;
    class       faceList;
    location    "constant/graphite/polyMesh";
    object      faces;
}
// * * * * * * * * * * * * * * * * * * * * * * * * * * * * * * * * * * * * * //


4210
(
3(88 824 301)
3(87 301 824)
3(96 1115 592)
3(95 592 1115)
3(89 279 802)
3(90 802 279)
3(89 1088 565)
3(88 565 1088)
3(93 794 271)
3(92 271 794)
3(94 288 811)
3(95 811 288)
3(94 1109 586)
3(93 586 1109)
3(96 269 792)
3(97 792 269)
3(98 623 1146)
3(99 1146 623)
3(99 274 797)
3(100 797 274)
3(97 628 1151)
3(98 1151 628)
3(100 624 1147)
3(101 1147 624)
3(101 289 812)
3(102 812 289)
3(102 626 1149)
3(103 1149 626)
3(87 1186 663)
3(86 663 1186)
3(103 674 1197)
3(104 1197 674)
3(5 1272 749)
3(104 749 1272)
3(3 761 1284)
3(86 1284 761)
3(91 1294 771)
3(90 771 1294)
3(91 768 1291)
3(92 1291 768)
4(480 268 791 1003)
4(268 496 1019 791)
4(480 1003 1019 496)
4(120 251 1058 535)
4(121 535 1058 250)
4(319 707 1230 842)
4(658 1181 1230 707)
4(658 319 842 1181)
4(291 570 1093 814)
4(496 291 814 1019)
4(496 1019 1093 570)
4(286 474 997 809)
4(286 809 1089 566)
4(474 566 1089 997)
4(530 505 1028 1053)
4(505 531 1054 1028)
4(530 1053 1054 531)
4(278 621 1144 801)
4(620 278 801 1143)
4(620 1143 1144 621)
4(527 1050 1067 544)
4(528 544 1067 1051)
4(527 528 1051 1050)
4(286 651 1174 809)
4(474 997 1174 651)
4(621 1144 1192 669)
4(621 616 1139 1144)
4(616 669 1192 1139)
4(621 1144 1257 734)
4(669 734 1257 1192)
4(523 1046 1057 534)
4(522 534 1057 1045)
4(523 522 1045 1046)
4(304 527 1050 827)
4(304 827 1067 544)
4(324 510 1033 847)
4(510 578 1101 1033)
4(324 847 1101 578)
4(525 1048 1057 534)
4(525 523 1046 1048)
4(544 1067 1262 739)
4(528 739 1262 1051)
4(511 12 149 1034)
4(511 1034 1280 757)
4(12 757 1280 149)
4(283 806 1058 535)
4(283 120 251 806)
4(480 513 1036 1003)
4(268 791 1036 513)
4(272 475 998 795)
4(475 644 1167 998)
4(272 795 1167 644)
4(529 505 1028 1052)
4(529 1052 1053 530)
4(535 723 1246 1058)
4(283 806 1246 723)
4(682 1205 1266 743)
4(329 743 1266 852)
4(682 329 852 1205)
4(291 569 1092 814)
4(569 570 1093 1092)
4(683 1206 1227 704)
4(683 548 1071 1206)
4(548 704 1227 1071)
4(272 667 1190 795)
4(475 998 1190 667)
4(535 532 1055 1058)
4(532 723 1246 1055)
4(305 682 1205 828)
4(305 828 1266 743)
4(309 832 1227 704)
4(309 683 1206 832)
4(621 1144 1251 728)
4(278 728 1251 801)
4(595 654 1177 1118)
4(595 1118 1238 715)
4(654 715 1238 1177)
4(320 843 1244 721)
4(320 499 1022 843)
4(499 721 1244 1022)
4(644 651 1174 1167)
4(286 644 1167 809)
4(319 573 1096 842)
4(573 707 1230 1096)
4(475 651 1174 998)
4(545 1068 1108 585)
4(296 585 1108 819)
4(545 296 819 1068)
4(688 1211 1246 723)
4(688 283 806 1211)
4(510 688 1211 1033)
4(510 1033 1246 723)
4(595 710 1233 1118)
4(654 1177 1233 710)
4(13 150 1034 511)
4(324 688 1211 847)
4(545 544 1067 1068)
4(545 1068 1262 739)
4(690 737 1260 1213)
4(649 690 1213 1172)
4(649 1172 1260 737)
4(313 640 1163 836)
4(313 836 1264 741)
4(640 741 1264 1163)
4(496 1019 1225 702)
4(268 702 1225 791)
4(284 535 1058 807)
4(121 284 807 250)
4(313 736 1259 836)
4(640 1163 1259 736)
4(502 529 1052 1025)
4(501 502 1025 1024)
4(501 1024 1052 529)
4(504 1027 1055 532)
4(504 507 1030 1027)
4(507 532 1055 1030)
4(546 1069 1108 585)
4(546 545 1068 1069)
4(502 505 1028 1025)
4(527 1050 1074 551)
4(304 551 1074 827)
4(663 1186 1244 721)
4(663 320 843 1186)
4(291 814 1225 702)
4(605 461 984 1128)
4(461 751 1274 984)
4(605 1128 1274 751)
4(690 327 850 1213)
4(327 737 1260 850)
4(605 760 1283 1128)
4(461 984 1283 760)
4(508 503 1026 1031)
4(503 511 1034 1026)
4(508 1031 1034 511)
4(506 508 1031 1029)
4(508 642 1165 1031)
4(506 1029 1165 642)
4(531 284 807 1054)
4(531 1054 1056 533)
4(284 533 1056 807)
4(522 530 1053 1045)
4(530 534 1057 1053)
4(540 1063 1230 707)
4(540 658 1181 1063)
4(546 1069 1173 650)
4(546 298 821 1069)
4(298 650 1173 821)
4(505 532 1055 1028)
4(531 1054 1055 532)
4(501 295 818 1024)
4(295 502 1025 818)
4(305 828 1253 730)
4(305 41 178 828)
4(41 730 1253 178)
4(307 548 1071 830)
4(307 830 1206 683)
4(43 500 1023 180)
4(282 43 180 805)
4(282 805 1023 500)
4(14 295 818 151)
4(14 151 1024 501)
4(502 1025 1026 503)
4(295 503 1026 818)
4(306 540 1063 829)
4(306 829 1230 707)
4(503 506 1029 1026)
4(504 503 1026 1027)
4(504 1027 1029 506)
4(620 675 1198 1143)
4(278 801 1198 675)
4(556 309 832 1079)
4(556 1079 1227 704)
4(531 535 1058 1054)
4(505 504 1027 1028)
4(682 1205 1253 730)
4(543 1066 1173 650)
4(543 546 1069 1066)
4(119 283 806 252)
4(119 252 1211 688)
4(507 506 1029 1030)
4(507 1030 1032 509)
4(506 509 1032 1029)
4(307 779 1302 830)
4(548 1071 1302 779)
4(678 1201 1220 697)
4(678 345 868 1201)
4(345 697 1220 868)
4(582 325 848 1105)
4(582 1105 1254 731)
4(325 731 1254 848)
4(642 1165 1255 732)
4(508 732 1255 1031)
4(277 595 1118 800)
4(277 800 1238 715)
4(306 776 1299 829)
4(540 1063 1299 776)
4(295 818 1034 511)
4(295 13 150 818)
4(515 1038 1039 516)
4(420 516 1039 943)
4(515 420 943 1038)
4(642 1165 1185 662)
4(642 280 803 1165)
4(280 662 1185 803)
4(465 515 1038 988)
4(465 988 1039 516)
4(325 848 1275 752)
4(582 752 1275 1105)
4(659 692 1215 1182)
4(471 994 1215 692)
4(471 659 1182 994)
4(502 1025 1027 504)
4(328 512 1035 851)
4(38 175 1035 512)
4(38 328 851 175)
4(554 1077 1094 571)
4(310 571 1094 833)
4(554 310 833 1077)
4(497 271 794 1020)
4(497 1020 1240 717)
4(271 717 1240 794)
4(382 677 1200 905)
4(376 382 905 899)
4(376 899 1200 677)
4(312 835 1256 733)
4(312 550 1073 835)
4(550 733 1256 1073)
4(542 544 1067 1065)
4(542 1065 1068 545)
4(582 312 835 1105)
4(582 1105 1256 733)
4(299 501 1024 822)
4(299 822 1052 529)
4(543 554 1077 1066)
4(543 1066 1094 571)
4(425 558 1081 948)
4(425 948 1243 720)
4(558 720 1243 1081)
4(530 1053 1056 533)
4(331 735 1258 854)
4(331 854 1266 743)
4(735 743 1266 1258)
4(521 299 822 1044)
4(299 522 1045 822)
4(521 1044 1045 522)
4(298 821 1108 585)
4(320 708 1231 843)
4(499 1022 1231 708)
4(550 1073 1263 740)
4(312 740 1263 835)
4(312 835 1254 731)
4(517 1040 1084 561)
4(517 519 1042 1040)
4(519 561 1084 1042)
4(279 659 1182 802)
4(659 759 1282 1182)
4(279 802 1282 759)
4(556 719 1242 1079)
4(309 832 1242 719)
4(42 305 828 179)
4(42 179 1023 500)
4(305 500 1023 828)
4(524 551 1074 1047)
4(300 524 1047 823)
4(300 823 1074 551)
4(40 327 850 177)
4(327 727 1250 850)
4(40 177 1250 727)
4(279 750 1273 802)
4(659 1182 1273 750)
4(16 153 1044 521)
4(16 299 822 153)
4(45 517 1040 182)
4(45 182 1084 561)
4(541 544 1067 1064)
4(542 541 1064 1065)
4(524 527 1050 1047)
4(598 528 1051 1121)
4(598 1121 1286 763)
4(528 763 1286 1051)
4(375 666 1189 898)
4(373 375 898 896)
4(373 896 1189 666)
4(481 1004 1036 513)
4(484 513 1036 1007)
4(481 484 1007 1004)
4(480 481 1004 1003)
4(510 509 1032 1033)
4(509 578 1101 1032)
4(469 680 1203 992)
4(678 469 992 1201)
4(678 1201 1203 680)
4(746 1269 1270 747)
4(450 747 1270 973)
4(746 450 973 1269)
4(310 23 160 833)
4(23 571 1094 160)
4(647 656 1179 1170)
4(490 647 1170 1013)
4(490 1013 1179 656)
4(516 1039 1103 580)
4(420 580 1103 943)
4(15 501 1024 152)
4(299 15 152 822)
4(647 382 905 1170)
4(382 656 1179 905)
4(300 523 1046 823)
4(523 524 1047 1046)
4(327 39 176 850)
4(39 512 1035 176)
4(327 850 1035 512)
4(457 680 1203 980)
4(469 457 980 992)
4(290 563 1086 813)
4(563 672 1195 1086)
4(290 813 1195 672)
4(614 726 1249 1137)
4(285 614 1137 808)
4(285 808 1249 726)
4(300 521 1044 823)
4(521 523 1046 1044)
4(554 1077 1173 650)
4(514 70 207 1037)
4(70 725 1248 207)
4(514 1037 1248 725)
4(594 619 1142 1117)
4(619 773 1296 1142)
4(594 1117 1296 773)
4(70 207 1289 766)
4(514 766 1289 1037)
4(271 794 1293 770)
4(497 770 1293 1020)
4(137 547 1070 234)
4(319 842 1070 547)
4(319 137 234 842)
4(304 19 156 827)
4(19 551 1074 156)
4(541 304 827 1064)
4(512 1035 1163 640)
4(328 640 1163 851)
4(525 1048 1249 726)
4(534 726 1249 1057)
4(598 739 1262 1121)
4(20 157 1064 541)
4(20 304 827 157)
4(118 324 847 253)
4(117 254 847 324)
4(477 1000 1192 669)
4(477 479 1002 1000)
4(479 669 1192 1002)
4(494 692 1215 1017)
4(659 494 1017 1182)
4(291 700 1223 814)
4(569 1092 1223 700)
4(44 282 805 181)
4(44 181 1040 517)
4(282 517 1040 805)
4(425 774 1297 948)
4(558 1081 1297 774)
4(522 1045 1052 529)
4(468 735 1258 991)
4(331 468 991 854)
4(518 735 1258 1041)
4(468 518 1041 991)
4(690 727 1250 1213)
4(595 287 810 1118)
4(287 710 1233 810)
4(138 547 1070 233)
4(524 1047 1048 525)
4(469 992 1220 697)
4(133 238 1060 537)
4(134 537 1060 237)
4(519 746 1269 1042)
4(519 1042 1270 747)
4(378 536 1059 901)
4(536 615 1138 1059)
4(378 901 1138 615)
4(17 521 1044 154)
4(300 17 154 823)
4(132 239 1087 564)
4(133 564 1087 238)
4(507 1030 1033 510)
4(511 687 1210 1034)
4(508 1031 1210 687)
4(484 514 1037 1007)
4(513 1036 1037 514)
4(310 552 1075 833)
4(24 161 1075 552)
4(24 310 833 161)
4(302 132 239 825)
4(302 825 1087 564)
4(537 1060 1087 564)
4(537 539 1062 1060)
4(539 564 1087 1062)
4(542 546 1069 1065)
4(543 542 1065 1066)
4(326 549 1072 849)
4(36 173 1072 549)
4(36 326 849 173)
4(647 677 1200 1170)
4(432 651 1174 955)
4(434 957 1174 651)
4(434 432 955 957)
4(631 588 1111 1154)
4(588 777 1300 1111)
4(631 1154 1300 777)
4(310 553 1076 833)
4(552 1075 1076 553)
4(452 570 1093 975)
4(445 968 1093 570)
4(445 452 975 968)
4(21 158 1064 541)
4(631 782 1305 1154)
4(588 1111 1305 782)
4(47 272 795 184)
4(47 184 1167 644)
4(553 1076 1077 554)
4(614 738 1261 1137)
4(726 1249 1261 738)
4(517 1040 1041 518)
4(282 518 1041 805)
4(452 496 1019 975)
4(322 139 232 845)
4(139 555 1078 232)
4(322 845 1078 555)
4(594 787 1310 1117)
4(619 1142 1310 787)
4(26 163 1085 562)
4(26 303 826 163)
4(303 562 1085 826)
4(308 541 1064 831)
4(308 831 1065 542)
4(328 37 174 851)
4(37 549 1072 174)
4(328 851 1072 549)
4(549 1072 1073 550)
4(326 550 1073 849)
4(308 21 158 831)
4(719 752 1275 1242)
4(311 719 1242 834)
4(311 834 1275 752)
4(375 637 1160 898)
4(637 666 1189 1160)
4(669 765 1288 1192)
4(477 1000 1288 765)
4(25 162 1075 552)
4(18 155 823 300)
4(138 322 845 233)
4(322 547 1070 845)
4(50 566 1089 187)
4(267 50 187 790)
4(267 790 1089 566)
4(319 779 1302 842)
4(573 1096 1302 779)
4(580 1103 1175 652)
4(580 576 1099 1103)
4(576 652 1175 1099)
4(536 1059 1169 646)
4(378 646 1169 901)
4(695 559 1082 1218)
4(695 1218 1219 696)
4(559 696 1219 1082)
4(516 1039 1175 652)
4(27 164 1085 562)
4(550 313 836 1073)
4(550 1073 1264 741)
4(272 795 1084 561)
4(46 561 1084 183)
4(272 46 183 795)
4(49 566 1089 186)
4(711 712 1235 1234)
4(467 990 1235 712)
4(467 711 1234 990)
4(51 557 1080 188)
4(52 189 1080 557)
4(509 1032 1165 642)
4(568 446 969 1091)
4(446 569 1092 969)
4(568 1091 1092 569)
4(134 316 839 237)
4(316 537 1060 839)
4(272 795 1270 747)
4(561 747 1270 1084)
4(431 559 1082 954)
4(458 431 954 981)
4(458 981 1082 559)
4(140 555 1078 231)
4(547 779 1302 1070)
4(432 474 997 955)
4(34 581 1104 171)
4(35 172 1104 581)
4(420 388 911 943)
4(388 580 1103 911)
4(507 723 1246 1030)
4(53 190 1128 605)
4(52 605 1128 189)
4(311 581 1104 834)
4(34 311 834 171)
4(22 159 831 308)
4(136 235 842 319)
4(567 1090 1091 568)
4(567 446 969 1090)
4(303 25 162 826)
4(303 826 1075 552)
4(307 572 1095 830)
4(307 830 1096 573)
4(572 573 1096 1095)
4(615 643 1166 1138)
4(575 1098 1166 643)
4(575 615 1138 1098)
4(536 643 1166 1059)
4(742 691 1214 1265)
4(742 1265 1269 746)
4(691 746 1269 1214)
4(555 325 848 1078)
4(555 1078 1079 556)
4(325 556 1079 848)
4(290 62 199 813)
4(62 563 1086 199)
4(459 982 1090 567)
4(410 567 1090 933)
4(459 410 933 982)
4(371 378 901 894)
4(371 894 1138 615)
4(537 538 1061 1060)
4(538 539 1062 1061)
4(22 571 1094 159)
4(446 445 968 969)
4(446 969 1093 570)
4(457 607 1130 980)
4(607 680 1203 1130)
4(430 431 954 953)
4(411 430 953 934)
4(411 934 954 431)
4(431 454 977 954)
4(454 559 1082 977)
4(135 316 839 236)
4(322 548 1071 845)
4(547 1070 1071 548)
4(140 325 848 231)
4(57 574 1097 194)
4(58 195 1097 574)
4(367 890 1099 576)
4(367 387 910 890)
4(387 576 1099 910)
4(459 982 1091 568)
4(49 286 809 186)
4(362 575 1098 885)
4(366 362 885 889)
4(366 889 1098 575)
4(410 386 909 933)
4(386 567 1090 909)
4(48 286 809 185)
4(307 29 166 830)
4(29 572 1095 166)
4(275 53 190 798)
4(275 798 1128 605)
4(51 267 790 188)
4(267 557 1080 790)
4(61 198 840 317)
4(60 317 840 197)
4(581 1104 1105 582)
4(311 582 1105 834)
4(430 454 977 953)
4(411 410 933 934)
4(410 430 953 933)
4(539 724 1247 1062)
4(564 1087 1247 724)
4(461 420 943 984)
4(461 984 1038 515)
4(557 605 1128 1080)
4(387 410 933 910)
4(387 910 934 411)
4(524 1047 1049 526)
4(525 526 1049 1048)
4(61 198 1086 563)
4(317 563 1086 840)
4(306 27 164 829)
4(306 829 1085 562)
4(365 888 1099 576)
4(365 367 890 888)
4(591 590 1113 1114)
4(590 618 1141 1113)
4(591 1114 1141 618)
4(18 155 1074 551)
4(602 1125 1126 603)
4(602 601 1124 1125)
4(601 603 1126 1124)
4(441 431 954 964)
4(441 964 981 458)
4(698 703 1226 1221)
4(636 1159 1226 703)
4(636 698 1221 1159)
4(348 871 1125 602)
4(348 346 869 871)
4(346 602 1125 869)
4(430 583 1106 953)
4(454 977 1106 583)
4(369 892 1125 602)
4(369 348 871 892)
4(417 940 943 420)
4(417 388 911 940)
4(355 878 1113 590)
4(355 361 884 878)
4(361 590 1113 884)
4(359 575 1098 882)
4(362 359 882 885)
4(333 334 857 856)
4(332 333 856 855)
4(332 855 857 334)
4(28 165 829 306)
4(353 355 878 876)
4(353 876 1113 590)
4(349 350 873 872)
4(350 351 874 873)
4(349 872 874 351)
4(35 326 849 172)
4(380 617 1140 903)
4(382 380 903 905)
4(382 905 1140 617)
4(454 560 1083 977)
4(559 1082 1083 560)
4(351 352 875 874)
4(352 353 876 875)
4(351 874 876 353)
4(383 365 888 906)
4(383 906 1099 576)
4(334 857 858 335)
4(333 335 858 856)
4(518 519 1042 1041)
4(348 349 872 871)
4(347 348 871 870)
4(347 870 872 349)
4(475 434 957 998)
4(592 1115 1116 593)
4(592 588 1111 1115)
4(588 593 1116 1111)
4(282 735 1258 805)
4(131 240 825 302)
4(387 386 909 910)
4(364 887 888 365)
4(362 365 888 885)
4(364 362 885 887)
4(383 580 1103 906)
4(388 383 906 911)
4(359 360 883 882)
4(360 575 1098 883)
4(353 354 877 876)
4(354 355 878 877)
4(365 366 889 888)
4(366 367 890 889)
4(465 458 981 988)
4(458 473 996 981)
4(465 988 996 473)
4(288 811 1110 587)
4(586 587 1110 1109)
4(288 586 1109 811)
4(363 349 872 886)
4(349 584 1107 872)
4(363 886 1107 584)
4(136 235 1181 658)
4(369 604 1127 892)
4(369 892 1145 622)
4(604 622 1145 1127)
4(348 350 873 871)
4(390 617 1140 913)
4(380 390 913 903)
4(667 1190 1270 747)
4(371 373 896 894)
4(373 378 901 896)
4(356 359 882 879)
4(355 356 879 878)
4(355 878 882 359)
4(346 347 870 869)
4(345 346 869 868)
4(345 868 870 347)
4(364 887 906 383)
4(350 352 875 873)
4(417 940 984 461)
4(287 114 257 810)
4(114 589 1112 257)
4(287 810 1112 589)
4(326 849 1104 581)
4(367 385 908 890)
4(385 386 909 908)
4(367 890 909 386)
4(369 892 1126 603)
4(452 480 1003 975)
4(352 354 877 875)
4(612 1135 1136 613)
4(612 610 1133 1135)
4(610 613 1136 1133)
4(356 360 883 879)
4(603 604 1127 1126)
4(607 1130 1214 691)
4(457 691 1214 980)
4(366 385 908 889)
4(354 356 879 877)
4(430 459 982 953)
4(459 583 1106 982)
4(412 935 969 446)
4(412 445 968 935)
4(386 909 935 412)
4(385 412 935 908)
4(335 336 859 858)
4(334 857 859 336)
4(345 344 867 868)
4(344 346 869 867)
4(332 330 853 855)
4(330 333 856 853)
4(361 884 885 362)
4(361 359 882 884)
4(269 792 1116 593)
4(269 592 1115 792)
4(411 934 964 441)
4(30 167 830 307)
4(361 884 887 364)
4(412 567 1090 935)
4(403 612 1135 926)
4(419 942 1135 612)
4(419 403 926 942)
4(492 493 1016 1015)
4(493 499 1022 1016)
4(492 1015 1022 499)
4(360 371 894 883)
4(360 883 1138 615)
4(405 612 1135 928)
4(403 405 928 926)
4(358 600 1123 881)
4(358 881 1124 601)
4(600 601 1124 1123)
4(478 767 1290 1001)
4(625 478 1001 1148)
4(625 1148 1290 767)
4(489 1012 1153 630)
4(489 492 1015 1012)
4(492 630 1153 1015)
4(358 599 1122 881)
4(599 600 1123 1122)
4(277 112 259 800)
4(112 595 1118 259)
4(342 344 867 865)
4(342 865 868 345)
4(33 311 834 170)
4(433 633 1156 956)
4(455 433 956 978)
4(455 978 1156 633)
4(308 831 1066 543)
4(780 783 1306 1303)
4(626 780 1303 1149)
4(626 1149 1306 783)
4(130 298 821 241)
4(129 242 821 298)
4(379 606 1129 902)
4(606 607 1130 1129)
4(379 902 1130 607)
4(353 368 891 876)
4(351 874 891 368)
4(443 472 995 966)
4(443 966 1134 611)
4(472 611 1134 995)
4(115 256 841 318)
4(116 318 841 255)
4(115 256 1112 589)
4(318 589 1112 841)
4(366 889 1166 643)
4(358 602 1125 881)
4(346 358 881 869)
4(368 891 1113 590)
4(371 372 895 894)
4(372 373 896 895)
4(340 342 865 863)
4(341 340 863 864)
4(341 864 865 342)
4(419 942 1136 613)
4(360 370 893 883)
4(370 371 894 893)
4(63 200 813 290)
4(483 484 1007 1006)
4(481 483 1006 1004)
4(447 452 975 970)
4(445 447 970 968)
4(453 480 1003 976)
4(452 453 976 975)
4(141 325 848 230)
4(421 620 1143 944)
4(421 944 1144 621)
4(439 962 994 471)
4(439 470 993 962)
4(470 471 994 993)
4(342 343 866 865)
4(343 344 867 866)
4(488 489 1012 1011)
4(488 1011 1153 630)
4(711 339 862 1234)
4(339 712 1235 862)
4(316 538 1061 839)
4(336 859 860 337)
4(335 337 860 858)
4(412 444 967 935)
4(444 445 968 967)
4(344 599 1122 867)
4(358 344 867 881)
4(442 608 1131 965)
4(407 930 1131 608)
4(407 442 965 930)
4(347 870 886 363)
4(487 488 1011 1010)
4(485 487 1010 1008)
4(485 1008 1011 488)
4(405 608 1131 928)
4(608 612 1135 1131)
4(421 335 858 944)
4(335 620 1143 858)
4(373 374 897 896)
4(374 375 898 897)
4(338 339 862 861)
4(338 861 863 340)
4(339 340 863 862)
4(340 343 866 863)
4(338 337 860 861)
4(337 339 862 860)
4(379 336 859 902)
4(336 606 1129 859)
4(336 859 861 338)
4(343 599 1122 866)
4(608 609 1132 1131)
4(608 1131 1133 610)
4(609 610 1133 1132)
4(442 609 1132 965)
4(338 861 864 341)
4(384 383 906 907)
4(384 907 911 388)
4(113 287 810 258)
4(113 258 1118 595)
4(399 619 1142 922)
4(440 399 922 963)
4(440 963 1142 619)
4(267 558 1081 790)
4(557 1080 1081 558)
4(405 407 930 928)
4(350 873 892 369)
4(519 1042 1043 520)
4(518 520 1043 1041)
4(337 860 944 421)
4(376 380 903 899)
4(111 260 800 277)
4(334 857 902 379)
4(439 617 1140 962)
4(390 439 962 913)
4(131 579 1102 240)
4(130 241 1102 579)
4(491 492 1015 1014)
4(489 491 1014 1012)
4(63 200 1120 597)
4(290 597 1120 813)
4(333 620 1143 856)
4(368 891 1114 591)
4(443 466 989 966)
4(466 472 995 989)
4(415 442 965 938)
4(407 415 938 930)
4(401 619 1142 924)
4(399 401 924 922)
4(642 1165 1267 744)
4(662 744 1267 1185)
4(288 811 1111 588)
4(587 588 1111 1110)
4(31 309 832 168)
4(32 169 832 309)
4(108 263 793 270)
4(109 270 793 262)
4(435 633 1156 958)
4(433 435 958 956)
4(128 296 819 243)
4(127 244 819 296)
4(453 481 1004 976)
4(356 370 893 879)
4(385 444 967 908)
4(414 424 947 937)
4(414 937 1150 627)
4(424 627 1150 947)
4(352 357 880 875)
4(354 877 880 357)
4(471 617 1140 994)
4(483 485 1008 1006)
4(484 1007 1008 485)
4(780 472 995 1303)
4(472 783 1306 995)
4(435 958 979 456)
4(449 456 979 972)
4(435 449 972 958)
4(556 752 1275 1079)
4(316 839 1181 658)
4(135 658 1181 236)
4(395 631 1154 918)
4(437 395 918 960)
4(437 960 1154 631)
4(447 453 976 970)
4(401 924 942 419)
4(401 403 926 924)
4(478 655 1178 1001)
4(655 767 1290 1178)
4(444 447 970 967)
4(350 873 1145 622)
4(108 263 1139 616)
4(270 616 1139 793)
4(370 372 895 893)
4(313 836 1263 740)
4(416 625 1148 939)
4(463 416 939 986)
4(463 986 1148 625)
4(442 965 1134 611)
4(442 443 966 965)
4(331 332 855 854)
4(332 468 991 855)
4(406 929 1155 632)
4(406 404 927 929)
4(404 632 1155 927)
4(520 596 1119 1043)
4(596 742 1265 1119)
4(520 1043 1265 742)
4(609 1132 1134 611)
4(419 619 1142 942)
4(331 330 853 854)
4(361 618 1141 884)
4(338 861 1129 606)
4(341 606 1129 864)
4(436 625 1148 959)
4(416 436 959 939)
4(269 792 1117 594)
4(593 594 1117 1116)
4(456 457 980 979)
4(456 979 992 469)
4(397 920 963 440)
4(397 399 922 920)
4(378 901 1189 666)
4(107 264 1139 616)
4(351 584 1107 874)
4(64 597 1120 201)
4(273 64 201 796)
4(273 796 1120 597)
4(329 330 853 852)
4(329 852 854 331)
4(389 388 911 912)
4(389 912 940 417)
4(436 477 1000 959)
4(436 959 1001 478)
4(477 478 1001 1000)
4(387 652 1175 910)
4(415 443 966 938)
4(409 424 947 932)
4(414 409 932 937)
4(54 191 798 275)
4(106 278 801 265)
4(105 266 801 278)
4(142 229 835 312)
4(143 312 835 228)
4(397 631 1154 920)
4(395 397 920 918)
4(634 418 941 1157)
4(418 635 1158 941)
4(634 1157 1158 635)
4(364 887 907 384)
4(372 374 897 895)
4(429 952 1150 627)
4(429 414 937 952)
4(429 467 990 952)
4(462 429 952 985)
4(462 985 990 467)
4(409 932 1155 632)
4(409 406 929 932)
4(78 297 820 215)
4(79 216 820 297)
4(392 418 941 915)
4(394 917 941 418)
4(394 392 915 917)
4(594 628 1151 1117)
4(269 792 1151 628)
4(288 811 1115 592)
4(441 652 1175 964)
4(411 934 1175 652)
4(413 416 939 936)
4(413 936 986 463)
4(352 622 1145 875)
4(357 880 1145 622)
4(404 405 928 927)
4(403 404 927 926)
4(405 406 929 928)
4(406 407 930 929)
4(48 185 1167 644)
4(439 464 987 962)
4(464 470 993 987)
4(438 439 962 961)
4(390 438 961 913)
4(441 964 988 465)
4(436 462 985 959)
4(462 477 1000 985)
4(129 585 1108 242)
4(128 243 1108 585)
4(302 579 1102 825)
4(393 395 918 916)
4(393 916 960 437)
4(332 596 1119 855)
4(468 991 1119 596)
4(440 631 1154 963)
4(407 408 931 930)
4(408 415 938 931)
4(375 898 899 376)
4(374 376 899 897)
4(402 403 926 925)
4(401 402 925 924)
4(467 990 1150 627)
4(487 489 1012 1010)
4(429 436 959 952)
4(416 429 952 939)
4(126 294 817 245)
4(125 246 817 294)
4(396 422 945 919)
4(398 396 919 921)
4(398 921 945 422)
4(462 479 1002 985)
4(424 947 1155 632)
4(392 629 1152 915)
4(418 941 1152 629)
4(329 323 846 852)
4(323 330 853 846)
4(65 202 796 273)
4(354 877 1168 645)
4(357 645 1168 880)
4(406 408 931 929)
4(122 284 807 249)
4(443 460 983 966)
4(460 466 989 983)
4(370 893 1168 645)
4(356 645 1168 879)
4(385 643 1166 908)
4(444 967 1166 643)
4(428 433 956 951)
4(428 951 978 455)
4(618 653 1176 1141)
4(591 1114 1176 653)
4(630 292 815 1153)
4(292 689 1212 815)
4(630 1153 1212 689)
4(400 401 924 923)
4(399 400 923 922)
4(402 404 927 925)
4(57 194 804 281)
4(56 281 804 193)
4(456 633 1156 979)
4(408 931 932 409)
4(416 414 937 939)
4(449 457 980 972)
4(413 414 937 936)
4(402 400 923 925)
4(402 925 946 423)
4(400 423 946 923)
4(413 409 932 936)
4(438 464 987 961)
4(481 482 1005 1004)
4(482 483 1006 1005)
4(66 291 814 203)
4(67 204 814 291)
4(408 931 936 413)
4(391 381 904 914)
4(391 914 915 392)
4(381 392 915 904)
4(394 917 1157 634)
4(381 377 900 904)
4(381 904 1152 629)
4(377 629 1152 900)
4(438 497 1020 961)
4(464 987 1020 497)
4(390 913 914 391)
4(390 381 904 913)
4(415 460 983 938)
4(418 657 1180 941)
4(635 1158 1180 657)
4(391 438 961 914)
4(124 285 808 247)
4(123 248 808 285)
4(600 705 1228 1123)
4(703 600 1123 1226)
4(703 1226 1228 705)
4(398 399 922 921)
4(397 398 921 920)
4(380 381 904 903)
4(28 572 1095 165)
4(375 898 1200 677)
4(395 396 919 918)
4(396 397 920 919)
4(617 1140 1179 656)
4(471 656 1179 994)
4(68 268 791 205)
4(69 206 791 268)
4(555 1078 1227 704)
4(364 618 1141 887)
4(396 634 1157 919)
4(422 945 1157 634)
4(380 377 900 903)
4(451 370 893 974)
4(451 974 1168 645)
4(376 377 900 899)
4(72 209 799 276)
4(71 276 799 208)
4(413 936 1161 638)
4(463 638 1161 986)
4(464 498 1021 987)
4(470 993 1021 498)
4(394 395 918 917)
4(393 394 917 916)
4(398 400 923 921)
4(368 584 1107 891)
4(394 396 919 917)
4(540 316 839 1063)
4(536 444 967 1059)
4(392 393 916 915)
4(391 914 916 393)
4(485 486 1009 1008)
4(486 487 1010 1009)
4(447 970 1059 536)
4(372 895 974 451)
4(453 482 1005 976)
4(334 596 1119 857)
4(432 427 950 955)
4(427 474 997 950)
4(491 493 1016 1014)
4(127 598 1121 244)
4(126 245 1121 598)
4(398 921 1162 639)
4(422 639 1162 945)
4(415 938 1161 638)
4(408 638 1161 931)
4(616 1139 1251 728)
4(384 907 912 389)
4(441 516 1039 964)
4(374 377 900 897)
4(402 925 1159 636)
4(423 636 1159 946)
4(393 916 1164 641)
4(437 641 1164 960)
4(404 636 1159 927)
4(632 1155 1159 636)
4(460 983 1161 638)
4(298 821 1102 579)
4(400 639 1162 923)
4(423 946 1162 639)
4(73 292 815 210)
4(74 211 815 292)
4(483 486 1009 1006)
4(599 705 1228 1122)
4(438 961 1164 641)
4(391 641 1164 914)
4(497 1020 1164 641)
4(111 655 1178 260)
4(110 261 1178 655)
4(435 448 971 958)
4(448 449 972 971)
4(144 227 836 313)
4(145 313 836 226)
4(281 574 1097 804)
4(483 1006 1160 637)
4(482 637 1160 1005)
4(379 596 1119 902)
4(125 614 1137 246)
4(124 247 1137 614)
4(78 215 1100 577)
4(77 577 1100 214)
4(384 618 1141 907)
4(448 434 957 971)
4(448 971 998 475)
4(389 912 948 425)
4(417 425 948 940)
4(447 646 1169 970)
4(453 976 1169 646)
4(485 1008 1184 661)
4(488 661 1184 1011)
4(629 1152 1171 648)
4(377 648 1171 900)
4(579 650 1173 1102)
4(321 844 846 323)
4(321 4 11 844)
4(4 323 846 11)
4(489 1012 1013 490)
4(487 490 1013 1010)
4(714 1237 1300 777)
4(714 437 960 1237)
4(437 777 1300 960)
4(458 981 1218 695)
4(486 1009 1160 637)
4(490 491 1014 1013)
4(487 1010 1170 647)
4(486 647 1170 1009)
4(4 314 837 11)
4(148 223 837 314)
4(434 435 958 957)
4(433 434 957 956)
4(372 895 1171 648)
4(451 648 1171 974)
4(374 897 1171 648)
4(482 1005 1169 646)
4(321 844 852 329)
4(147 315 838 224)
4(146 225 838 315)
4(147 224 1172 649)
4(148 649 1172 223)
4(273 796 1191 668)
4(597 668 1191 1120)
4(284 684 1207 807)
4(533 1056 1207 684)
4(428 432 955 951)
4(432 433 956 955)
4(648 657 1180 1171)
4(629 1152 1180 657)
4(533 534 1057 1056)
4(426 427 950 949)
4(427 428 951 950)
4(426 949 951 428)
4(308 571 1094 831)
4(491 494 1017 1014)
4(493 1016 1017 494)
4(425 426 949 948)
4(389 912 949 426)
4(425 427 950 948)
4(515 1038 1245 722)
4(465 722 1245 988)
4(75 320 843 212)
4(76 213 843 320)
4(306 572 1095 829)
4(451 657 1180 974)
4(448 450 973 971)
4(449 972 973 450)
4(314 321 844 837)
4(321 476 999 844)
4(314 837 999 476)
4(277 655 1178 800)
4(599 709 1232 1122)
4(705 1228 1232 709)
4(527 526 1049 1050)
4(526 528 1051 1049)
4(638 1161 1177 654)
4(463 654 1177 986)
4(656 1179 1215 692)
4(296 598 1121 819)
4(460 983 1177 654)
4(343 709 1232 866)
4(660 357 880 1183)
4(660 1183 1187 664)
4(357 664 1187 880)
4(687 1210 1280 757)
4(384 653 1176 907)
4(645 1168 1183 660)
4(389 653 1176 912)
4(281 804 1219 696)
4(281 695 1218 804)
4(294 817 1121 598)
4(538 1061 1063 540)
4(459 668 1191 982)
4(583 1106 1191 668)
4(454 977 1195 672)
4(583 672 1195 1106)
4(426 653 1176 949)
4(315 838 1172 649)
4(303 745 1268 826)
4(303 826 1281 758)
4(745 758 1281 1268)
4(484 661 1184 1007)
4(514 1037 1184 661)
4(635 1158 1183 660)
4(657 660 1183 1180)
4(622 1145 1187 664)
4(604 664 1187 1127)
4(294 614 1137 817)
4(333 675 1198 856)
4(314 649 1172 837)
4(630 789 1312 1153)
4(292 815 1312 789)
4(640 737 1260 1163)
4(512 1035 1260 737)
4(315 737 1260 838)
4(640 315 838 1163)
4(470 659 1182 993)
4(455 665 1188 978)
4(428 951 1188 665)
4(635 1158 1187 664)
4(294 738 1261 817)
4(342 865 1201 678)
4(498 768 1291 1021)
4(498 1021 1294 771)
4(768 771 1294 1291)
4(451 974 1183 660)
4(563 781 1304 1086)
4(672 1195 1304 781)
4(422 673 1196 945)
4(673 681 1204 1196)
4(422 945 1204 681)
4(655 693 1216 1178)
4(110 261 1216 693)
4(653 665 1188 1176)
4(591 1114 1188 665)
4(646 1169 1189 666)
4(577 1100 1101 578)
4(577 324 847 1100)
4(297 820 1100 577)
4(330 853 1198 675)
4(323 675 1198 846)
4(698 600 1123 1221)
4(587 714 1237 1110)
4(587 1110 1300 777)
4(554 699 1222 1077)
4(553 1076 1222 699)
4(448 971 1190 667)
4(606 680 1203 1129)
4(482 1005 1189 666)
4(426 665 1188 949)
4(495 757 1280 1018)
4(12 495 1018 149)
4(58 195 1193 670)
4(574 670 1193 1097)
4(584 1107 1194 671)
4(368 671 1194 891)
4(118 253 1211 688)
4(500 735 1258 1023)
4(30 167 1206 683)
4(31 683 1206 168)
4(665 1188 1194 671)
4(455 671 1194 978)
4(634 673 1196 1157)
4(478 693 1216 1001)
4(584 679 1202 1107)
4(363 886 1202 679)
4(607 1130 1265 742)
4(549 1072 1264 741)
4(109 693 1216 262)
4(270 793 1216 693)
4(469 694 1217 992)
4(456 979 1217 694)
4(671 679 1202 1194)
4(322 704 1227 845)
4(321 844 1205 682)
4(347 697 1220 870)
4(294 763 1286 817)
4(738 1261 1286 763)
4(637 677 1200 1160)
4(486 1009 1200 677)
4(449 691 1214 972)
4(79 662 1185 216)
4(80 217 1185 662)
4(59 196 1193 670)
4(552 745 1268 1075)
4(421 944 1257 734)
4(72 209 1212 689)
4(276 689 1212 799)
4(568 668 1191 1091)
4(73 689 1212 210)
4(123 248 1207 684)
4(285 684 1207 808)
4(328 741 1264 851)
4(490 692 1215 1013)
4(491 1014 1215 692)
4(65 202 1223 700)
4(273 700 1223 796)
4(66 700 1223 203)
4(318 841 1306 783)
4(318 674 1197 841)
4(674 783 1306 1197)
4(632 1155 1226 703)
4(687 718 1241 1210)
4(293 687 1210 816)
4(293 816 1241 718)
4(450 973 1190 667)
4(67 204 1225 702)
4(270 669 1192 793)
4(122 684 1207 249)
4(679 694 1217 1202)
4(363 886 1217 694)
4(673 604 1127 1196)
4(604 681 1204 1127)
4(572 1095 1230 707)
4(68 702 1225 205)
4(661 1184 1279 756)
4(488 756 1279 1011)
4(664 1187 1196 673)
4(591 1114 1194 671)
4(296 819 1262 739)
4(676 318 841 1199)
4(676 1199 1306 783)
4(581 1104 1256 733)
4(560 1083 1195 672)
4(33 719 1242 170)
4(462 985 1235 712)
4(463 986 1238 715)
4(625 715 1238 1148)
4(460 710 1233 983)
4(466 989 1233 710)
4(635 673 1196 1158)
4(639 681 1204 1162)
4(681 686 1209 1204)
4(639 1162 1209 686)
4(466 676 1199 989)
4(472 995 1199 676)
4(722 751 1274 1245)
4(515 1038 1274 751)
4(270 765 1288 793)
4(275 716 1239 798)
4(54 191 1239 716)
4(281 804 1229 706)
4(56 706 1229 193)
4(560 1083 1219 696)
4(685 696 1219 1208)
4(560 685 1208 1083)
4(539 745 1268 1062)
4(724 1247 1268 745)
4(74 211 1231 708)
4(292 708 1231 815)
4(326 733 1256 849)
4(596 1119 1295 772)
4(520 772 1295 1043)
4(589 1112 1199 676)
4(297 662 1185 820)
4(694 1217 1220 697)
4(276 661 1184 799)
4(276 799 1279 756)
4(314 690 1213 837)
4(427 950 1243 720)
4(141 731 1254 230)
4(464 987 1240 717)
4(492 789 1312 1015)
4(650 1173 1222 699)
4(579 699 1222 1102)
4(107 264 1251 728)
4(75 708 1231 212)
4(455 679 1202 978)
4(297 820 1101 578)
4(32 169 1242 719)
4(106 728 1251 265)
4(341 864 1201 678)
4(633 679 1202 1156)
4(341 864 1203 680)
4(142 229 1254 731)
4(641 1164 1237 714)
4(603 1126 1209 686)
4(601 686 1209 1124)
4(685 574 1097 1208)
4(574 696 1219 1097)
4(80 280 803 217)
4(81 218 803 280)
4(557 760 1283 1080)
4(668 769 1292 1191)
4(273 796 1292 769)
4(681 603 1126 1204)
4(476 999 1205 682)
4(337 860 1236 713)
4(421 713 1236 944)
4(587 1110 1293 770)
4(586 770 1293 1109)
4(633 694 1217 1156)
4(6 748 1271 10)
4(77 214 1271 748)
4(143 740 1263 228)
4(340 863 1234 711)
4(699 724 1247 1222)
4(553 1076 1247 724)
4(423 946 1209 686)
4(686 698 1221 1209)
4(423 946 1221 698)
4(419 773 1296 942)
4(379 742 1265 902)
4(601 1124 1221 698)
4(473 996 1218 695)
4(144 227 1263 740)
4(476 690 1213 999)
4(594 788 1311 1117)
4(628 1151 1311 788)
4(71 208 1289 766)
4(500 743 1266 1023)
4(145 736 1259 226)
4(4 11 1278 755)
4(105 755 1278 266)
4(450 691 1214 973)
4(268 791 1248 725)
4(513 725 1248 1036)
4(2 762 1285 9)
4(60 197 1285 762)
4(670 1193 1208 685)
4(1 730 1253 8)
4(315 736 1259 838)
4(146 225 1259 736)
4(558 1081 1301 778)
4(267 778 1301 790)
4(363 697 1220 886)
4(117 748 1271 254)
4(302 699 1222 825)
4(69 725 1248 206)
4(343 866 1234 711)
4(323 846 1278 755)
4(695 1218 1229 706)
4(470 759 1282 993)
4(566 1089 1301 778)
4(474 778 1301 997)
4(562 1085 1281 758)
4(568 769 1292 1091)
4(424 947 1226 703)
4(55 706 1229 192)
4(565 750 1273 1088)
4(279 565 1088 802)
4(424 947 1228 705)
4(324 748 1271 847)
4(339 862 1236 713)
4(468 772 1295 991)
4(518 1041 1295 772)
4(627 1150 1228 705)
4(627 1150 1232 709)
4(59 762 1285 196)
4(1 8 1250 727)
4(722 275 798 1245)
4(275 751 1274 798)
4(467 990 1232 709)
4(661 1184 1289 766)
4(276 766 1289 799)
4(773 788 1311 1296)
4(676 1199 1298 775)
4(466 775 1298 989)
4(668 764 1287 1191)
4(583 1106 1287 764)
4(539 758 1281 1062)
4(562 776 1299 1085)
4(706 1229 1239 716)
4(55 716 1239 192)
4(479 1002 1235 712)
4(577 748 1271 1100)
4(589 1112 1298 775)
4(520 746 1269 1043)
4(716 1239 1245 722)
4(280 803 1255 732)
4(473 706 1229 996)
4(473 996 1239 716)
4(727 476 999 1250)
4(476 730 1253 999)
4(727 1250 1253 730)
4(509 744 1267 1032)
4(578 1101 1267 744)
4(714 1237 1293 770)
4(302 825 1247 724)
4(81 701 1224 218)
4(82 219 1224 701)
4(497 1020 1237 714)
4(717 1240 1291 768)
4(271 768 1291 794)
4(317 840 1208 685)
4(317 670 1193 840)
4(301 729 1252 824)
4(565 1088 1252 729)
4(565 301 824 1088)
4(498 1021 1240 717)
4(493 721 1244 1016)
4(474 997 1243 720)
4(473 722 1245 996)
4(597 764 1287 1120)
4(317 781 1304 840)
4(720 1243 1301 778)
4(758 776 1299 1281)
4(593 787 1310 1116)
4(560 1083 1304 781)
4(297 820 1267 744)
4(274 786 1309 797)
4(785 274 797 1308)
4(785 1308 1309 786)
4(493 729 1252 1016)
4(721 1244 1252 729)
4(440 782 1305 963)
4(709 1232 1234 711)
4(494 729 1252 1017)
4(623 786 1309 1146)
4(274 623 1146 797)
4(624 785 1308 1147)
4(784 624 1147 1307)
4(784 1307 1308 785)
4(317 840 1285 762)
4(301 721 1244 824)
4(289 784 1307 812)
4(780 289 812 1303)
4(780 1303 1307 784)
4(301 663 1186 824)
4(672 1195 1287 764)
4(624 274 797 1147)
4(320 843 1284 761)
4(663 761 1284 1186)
4(708 1231 1312 789)
4(417 774 1297 940)
4(525 738 1261 1048)
4(526 1049 1261 738)
4(289 624 1147 812)
4(82 293 816 219)
4(83 220 816 293)
4(712 1235 1236 713)
4(626 289 812 1149)
4(534 1057 1276 753)
4(533 753 1276 1056)
4(675 1198 1278 755)
4(713 1236 1257 734)
4(553 745 1268 1076)
4(478 1001 1288 765)
4(461 774 1297 984)
4(700 1223 1292 769)
4(526 1049 1286 763)
4(479 1002 1236 713)
4(318 841 1272 749)
4(116 749 1272 255)
4(280 701 1224 803)
4(710 775 1298 1233)
4(685 781 1304 1208)
4(630 756 1279 1153)
4(290 813 1287 764)
4(558 760 1283 1081)
4(538 758 1281 1061)
4(593 1116 1305 782)
4(569 769 1292 1092)
4(83 718 1241 220)
4(84 221 1241 718)
4(499 789 1312 1022)
4(715 1238 1290 767)
4(278 755 1278 801)
4(693 765 1288 1216)
4(718 1241 1280 757)
4(498 759 1282 1021)
4(479 734 1257 1002)
4(687 1210 1277 754)
4(293 754 1277 816)
4(287 810 1298 775)
4(610 786 1309 1133)
4(613 1136 1309 786)
4(689 1212 1279 756)
4(610 785 1308 1133)
4(586 271 794 1109)
4(611 1134 1303 780)
4(613 773 1296 1136)
4(494 1017 1273 750)
4(440 963 1310 787)
4(609 785 1308 1132)
4(611 1134 1307 784)
4(609 784 1307 1132)
4(76 213 1284 761)
4(684 1207 1276 753)
4(285 753 1276 808)
4(670 1193 1285 762)
4(623 1146 1311 788)
4(623 628 1151 1146)
4(538 776 1299 1061)
4(277 767 1290 800)
4(84 495 1018 221)
4(85 222 1018 495)
4(674 1197 1272 749)
4(729 750 1273 1252)
4(508 1031 1277 754)
4(726 1249 1276 753)
4(701 1224 1255 732)
4(293 816 1224 701)
4(674 626 1149 1197)
4(759 771 1294 1282)
4(279 802 1294 771)
4(613 788 1311 1136)
4(760 774 1297 1283)
4(732 1255 1277 754)
4(701 1224 1277 754)
4(495 1018 1241 718)
4(786 1309 1311 788)
4(782 1305 1310 787)
4(0 495 1018 7)
3(88 301 87)
3(96 592 95)
3(90 279 89)
3(89 565 88)
3(93 271 92)
3(95 288 94)
3(94 586 93)
3(97 269 96)
3(99 623 98)
3(100 274 99)
3(98 628 97)
3(101 624 100)
3(102 289 101)
3(103 626 102)
3(87 663 86)
3(104 674 103)
3(5 749 104)
3(86 761 3)
3(91 771 90)
3(92 768 91)
3(480 496 268)
3(120 535 121)
3(658 707 319)
3(496 570 291)
3(286 566 474)
3(530 531 505)
3(620 621 278)
3(527 544 528)
3(474 651 286)
3(621 669 616)
3(621 734 669)
3(523 534 522)
3(304 544 527)
3(324 578 510)
3(525 534 523)
3(544 739 528)
3(511 757 12)
3(283 535 120)
3(268 513 480)
3(272 644 475)
3(529 530 505)
3(283 723 535)
3(682 743 329)
3(291 570 569)
3(683 704 548)
3(475 667 272)
3(535 723 532)
3(305 743 682)
3(309 704 683)
3(621 728 278)
3(595 715 654)
3(320 721 499)
3(286 651 644)
3(319 707 573)
3(644 651 475)
3(545 585 296)
3(688 723 283)
3(510 723 688)
3(654 710 595)
3(13 511 12)
3(510 688 324)
3(545 739 544)
3(649 737 690)
3(313 741 640)
3(496 702 268)
3(121 535 284)
3(640 736 313)
3(501 529 502)
3(504 532 507)
3(546 585 545)
3(502 529 505)
3(527 551 304)
3(663 721 320)
3(291 702 496)
3(605 751 461)
3(690 737 327)
3(461 760 605)
3(508 511 503)
3(506 642 508)
3(531 533 284)
3(522 534 530)
3(540 707 658)
3(546 650 298)
3(531 532 505)
3(501 502 295)
3(305 730 41)
3(307 683 548)
3(282 500 43)
3(14 501 295)
3(502 503 295)
3(306 707 540)
3(504 506 503)
3(278 675 620)
3(506 508 503)
3(556 704 309)
3(284 535 531)
3(505 532 504)
3(682 730 305)
3(543 650 546)
3(119 688 283)
3(507 509 506)
3(548 779 307)
3(678 697 345)
3(582 731 325)
3(642 732 508)
3(277 715 595)
3(540 776 306)
3(295 511 13)
3(515 516 420)
3(642 662 280)
3(465 516 515)
3(325 752 582)
3(471 692 659)
3(502 504 503)
3(38 512 328)
3(554 571 310)
3(497 717 271)
3(376 677 382)
3(312 733 550)
3(542 545 544)
3(582 733 312)
3(299 529 501)
3(543 571 554)
3(425 720 558)
3(530 533 531)
3(331 743 735)
3(521 522 299)
3(298 585 546)
3(499 708 320)
3(550 740 312)
3(312 731 582)
3(517 561 519)
3(279 759 659)
3(309 719 556)
3(42 500 305)
3(300 551 524)
3(40 727 327)
3(503 511 295)
3(504 507 506)
3(659 750 279)
3(16 521 299)
3(45 561 517)
3(542 544 541)
3(524 551 527)
3(598 763 528)
3(373 666 375)
3(481 513 484)
3(480 513 481)
3(510 578 509)
3(42 305 41)
3(14 295 13)
3(678 680 469)
3(746 747 450)
3(310 571 23)
3(490 656 647)
3(531 535 532)
3(516 580 420)
3(299 501 15)
3(647 656 382)
3(300 524 523)
3(327 512 39)
3(469 680 457)
3(290 672 563)
3(285 726 614)
3(300 523 521)
3(15 501 14)
3(554 650 543)
3(514 725 70)
3(594 773 619)
3(70 766 514)
3(271 770 497)
3(319 547 137)
3(304 551 19)
3(541 544 304)
3(512 640 328)
3(43 500 42)
3(525 726 534)
3(528 739 598)
3(20 541 304)
3(40 327 39)
3(117 324 118)
3(477 669 479)
3(659 692 494)
3(569 700 291)
3(44 517 282)
3(558 774 425)
3(522 529 299)
3(331 735 468)
3(468 735 518)
3(327 727 690)
3(595 710 287)
3(137 547 138)
3(522 530 529)
3(524 525 523)
3(44 282 43)
3(469 697 678)
3(133 537 134)
3(519 747 746)
3(39 512 38)
3(378 615 536)
3(300 521 17)
3(17 521 16)
3(132 564 133)
3(507 510 509)
3(508 687 511)
3(513 514 484)
3(45 517 44)
3(24 552 310)
3(302 564 132)
3(537 564 539)
3(543 546 542)
3(36 549 326)
3(382 677 647)
3(434 651 432)
3(631 777 588)
3(552 553 310)
3(445 570 452)
3(21 541 20)
3(588 782 631)
3(47 644 272)
3(553 554 310)
3(726 738 614)
3(517 518 282)
3(452 570 496)
3(322 555 139)
3(619 787 594)
3(26 562 303)
3(308 542 541)
3(16 299 15)
3(328 549 37)
3(549 550 326)
3(308 541 21)
3(521 523 522)
3(311 752 719)
3(375 666 637)
3(38 328 37)
3(477 765 669)
3(25 552 24)
3(37 549 36)
3(18 300 17)
3(133 564 537)
3(138 547 322)
3(267 566 50)
3(573 779 319)
3(580 652 576)
3(536 646 378)
3(695 696 559)
3(516 652 580)
3(27 562 26)
3(550 741 313)
3(272 561 46)
3(50 566 49)
3(467 712 711)
3(52 557 51)
3(509 642 506)
3(568 569 446)
3(134 537 316)
3(138 322 139)
3(272 747 561)
3(20 304 19)
3(458 559 431)
3(139 555 140)
3(319 779 547)
3(432 651 474)
3(35 581 34)
3(420 580 388)
3(532 723 507)
3(53 605 52)
3(34 581 311)
3(119 283 120)
3(46 561 45)
3(22 308 21)
3(136 319 137)
3(542 546 545)
3(567 568 446)
3(303 552 25)
3(307 573 572)
3(575 643 615)
3(47 272 46)
3(615 643 536)
3(742 746 691)
3(555 556 325)
3(290 563 62)
3(459 567 410)
3(371 615 378)
3(24 310 23)
3(537 539 538)
3(23 571 22)
3(446 570 445)
3(457 680 607)
3(411 431 430)
3(431 559 454)
3(134 316 135)
3(547 548 322)
3(140 555 325)
3(58 574 57)
3(367 576 387)
3(459 568 567)
3(49 566 286)
3(366 575 362)
3(410 567 386)
3(26 303 25)
3(49 286 48)
3(307 572 29)
3(275 605 53)
3(51 557 267)
3(61 317 60)
3(581 582 311)
3(431 454 430)
3(411 430 410)
3(564 724 539)
3(461 515 420)
3(52 605 557)
3(387 411 410)
3(524 526 525)
3(61 563 317)
3(306 562 27)
3(365 576 367)
3(591 618 590)
3(18 551 300)
3(602 603 601)
3(441 458 431)
3(636 703 698)
3(348 602 346)
3(454 583 430)
3(369 602 348)
3(417 420 388)
3(355 590 361)
3(362 575 359)
3(332 334 333)
3(28 306 27)
3(353 590 355)
3(349 351 350)
3(36 326 35)
3(382 617 380)
3(559 560 454)
3(351 353 352)
3(383 576 365)
3(334 335 333)
3(517 519 518)
3(347 349 348)
3(475 651 434)
3(592 593 588)
3(518 735 282)
3(51 267 50)
3(131 302 132)
3(387 410 386)
3(364 365 362)
3(388 580 383)
3(359 575 360)
3(353 355 354)
3(365 367 366)
3(465 473 458)
3(288 587 586)
3(363 584 349)
3(136 658 319)
3(369 622 604)
3(349 350 348)
3(380 617 390)
3(667 747 272)
3(371 378 373)
3(355 359 356)
3(345 347 346)
3(364 383 365)
3(351 352 350)
3(417 461 420)
3(19 551 18)
3(287 589 114)
3(347 348 346)
3(326 581 35)
3(367 386 385)
3(369 603 602)
3(452 496 480)
3(383 580 576)
3(353 354 352)
3(612 613 610)
3(359 360 356)
3(365 366 362)
3(369 604 603)
3(607 691 457)
3(367 385 366)
3(355 356 354)
3(430 583 459)
3(412 446 445)
3(386 412 385)
3(334 336 335)
3(345 346 344)
3(332 333 330)
3(361 362 359)
3(367 387 386)
3(269 593 592)
3(569 570 446)
3(411 441 431)
3(30 307 29)
3(361 364 362)
3(386 567 412)
3(419 612 403)
3(492 499 493)
3(360 615 371)
3(403 612 405)
3(358 601 600)
3(625 767 478)
3(489 630 492)
3(358 600 599)
3(277 595 112)
3(342 345 344)
3(34 311 33)
3(455 633 433)
3(308 543 542)
3(626 783 780)
3(129 298 130)
3(379 607 606)
3(351 368 353)
3(443 611 472)
3(412 567 446)
3(115 318 116)
3(115 589 318)
3(366 643 575)
3(346 602 358)
3(368 590 353)
3(371 373 372)
3(341 342 340)
3(419 613 612)
3(360 371 370)
3(63 290 62)
3(481 484 483)
3(355 361 359)
3(445 452 447)
3(452 480 453)
3(140 325 141)
3(421 621 620)
3(439 471 470)
3(342 344 343)
3(488 630 489)
3(711 712 339)
3(537 538 316)
3(62 563 61)
3(336 337 335)
3(412 445 444)
3(358 599 344)
3(407 608 442)
3(347 363 349)
3(485 488 487)
3(405 612 608)
3(421 620 335)
3(430 459 410)
3(358 602 601)
3(373 375 374)
3(338 340 339)
3(342 343 340)
3(338 339 337)
3(379 606 336)
3(336 338 337)
3(344 599 343)
3(608 610 609)
3(608 609 442)
3(338 341 340)
3(384 388 383)
3(113 595 287)
3(440 619 399)
3(557 558 267)
3(405 608 407)
3(346 358 344)
3(350 369 348)
3(575 615 360)
3(519 520 518)
3(337 421 335)
3(113 287 114)
3(376 382 380)
3(111 277 112)
3(334 379 336)
3(390 617 439)
3(130 579 131)
3(489 492 491)
3(114 589 115)
3(63 597 290)
3(335 620 333)
3(368 591 590)
3(608 612 610)
3(443 472 466)
3(112 595 113)
3(407 442 415)
3(399 619 401)
3(642 744 662)
3(288 588 587)
3(32 309 31)
3(108 270 109)
3(433 633 435)
3(127 296 128)
3(480 481 453)
3(360 370 356)
3(412 444 385)
3(414 627 424)
3(354 357 352)
3(439 617 471)
3(484 485 483)
3(780 783 472)
3(435 456 449)
3(719 752 556)
3(316 658 135)
3(437 631 395)
3(452 453 447)
3(401 419 403)
3(478 767 655)
3(445 447 444)
3(350 622 369)
3(108 616 270)
3(371 372 370)
3(313 740 550)
3(463 625 416)
3(442 611 443)
3(331 468 332)
3(406 632 404)
3(520 742 596)
3(609 611 442)
3(401 619 419)
3(331 332 330)
3(590 618 361)
3(338 606 341)
3(416 625 436)
3(269 594 593)
3(456 469 457)
3(336 606 338)
3(397 440 399)
3(378 666 373)
3(107 616 108)
3(349 584 351)
3(273 597 64)
3(329 331 330)
3(389 417 388)
3(436 478 477)
3(576 652 387)
3(442 443 415)
3(414 424 409)
3(54 275 53)
3(105 278 106)
3(142 312 143)
3(395 631 397)
3(634 635 418)
3(64 597 63)
3(364 384 383)
3(373 374 372)
3(429 627 414)
3(462 467 429)
3(409 632 406)
3(79 297 78)
3(394 418 392)
3(269 628 594)
3(288 592 588)
3(411 652 441)
3(413 463 416)
3(357 622 352)
3(403 405 404)
3(405 407 406)
3(48 644 47)
3(439 470 464)
3(390 439 438)
3(441 465 458)
3(436 477 462)
3(128 585 129)
3(436 625 478)
3(131 579 302)
3(393 437 395)
3(468 596 332)
3(397 631 440)
3(407 415 408)
3(375 376 374)
3(401 403 402)
3(467 627 429)
3(488 489 487)
3(416 436 429)
3(125 294 126)
3(398 422 396)
3(436 462 429)
3(477 479 462)
3(424 632 409)
3(418 629 392)
3(329 330 323)
3(405 406 404)
3(65 273 64)
3(352 622 350)
3(354 645 357)
3(407 408 406)
3(121 284 122)
3(443 466 460)
3(370 645 356)
3(444 643 385)
3(428 455 433)
3(591 653 618)
3(630 689 292)
3(399 401 400)
3(403 404 402)
3(57 281 56)
3(435 633 456)
3(408 409 406)
3(416 429 414)
3(456 457 449)
3(413 416 414)
3(402 423 400)
3(413 414 409)
3(439 464 438)
3(481 483 482)
3(67 291 66)
3(408 413 409)
3(391 392 381)
3(394 634 418)
3(381 629 377)
3(464 497 438)
3(390 391 381)
3(443 460 415)
3(635 657 418)
3(401 402 400)
3(390 438 391)
3(123 285 124)
3(703 705 600)
3(397 399 398)
3(380 390 381)
3(29 572 28)
3(375 677 376)
3(395 397 396)
3(617 656 471)
3(69 268 68)
3(555 704 556)
3(361 618 364)
3(422 634 396)
3(380 381 377)
3(451 645 370)
3(376 380 377)
3(72 276 71)
3(413 638 463)
3(470 498 464)
3(393 395 394)
3(399 400 398)
3(351 584 368)
3(395 396 394)
3(385 643 366)
3(540 658 316)
3(536 643 444)
3(391 393 392)
3(485 487 486)
3(397 398 396)
3(447 536 444)
3(372 451 370)
3(393 394 392)
3(481 482 453)
3(332 596 334)
3(432 474 427)
3(492 493 491)
3(126 598 127)
3(356 645 354)
3(398 639 422)
3(415 638 408)
3(616 728 621)
3(392 629 381)
3(384 389 388)
3(441 652 516)
3(376 377 374)
3(402 636 423)
3(393 641 437)
3(632 636 404)
3(460 638 415)
3(404 636 402)
3(298 579 130)
3(408 638 413)
3(423 639 400)
3(74 292 73)
3(485 486 483)
3(396 634 394)
3(600 705 599)
3(438 641 391)
3(497 641 438)
3(110 655 111)
3(435 449 448)
3(144 313 145)
3(391 641 393)
3(57 574 281)
3(400 639 398)
3(483 637 482)
3(334 596 379)
3(124 614 125)
3(78 577 77)
3(364 618 384)
3(387 652 411)
3(448 475 434)
3(389 425 417)
3(453 646 447)
3(485 661 488)
3(629 648 377)
3(286 644 48)
3(298 650 579)
3(321 323 4)
3(129 585 298)
3(489 490 487)
3(714 777 437)
3(458 695 559)
3(502 505 504)
3(486 637 483)
3(489 491 490)
3(487 647 486)
3(148 314 4)
3(447 646 536)
3(433 435 434)
3(372 648 451)
3(374 648 372)
3(482 646 453)
3(321 329 323)
3(146 315 147)
3(147 649 148)
3(273 668 597)
3(533 684 284)
3(428 433 432)
3(629 657 648)
3(530 534 533)
3(426 428 427)
3(22 571 308)
3(493 494 491)
3(377 648 374)
3(389 426 425)
3(426 427 425)
3(515 722 465)
3(76 320 75)
3(435 448 434)
3(28 572 306)
3(648 657 451)
3(449 450 448)
3(314 476 321)
3(428 432 427)
3(490 647 487)
3(433 434 432)
3(296 585 128)
3(111 655 277)
3(441 516 465)
3(135 658 136)
3(705 709 599)
3(314 321 4)
3(382 656 617)
3(527 528 526)
3(638 654 463)
3(656 692 471)
3(127 598 296)
3(460 654 638)
3(599 709 343)
3(660 664 357)
3(687 757 511)
3(418 657 629)
3(618 653 384)
3(645 660 357)
3(384 653 389)
3(281 696 695)
3(294 598 126)
3(538 540 316)
3(583 668 459)
3(454 672 583)
3(389 653 426)
3(315 649 147)
3(303 758 745)
3(514 661 484)
3(635 660 657)
3(622 664 604)
3(125 614 294)
3(620 675 333)
3(148 649 314)
3(292 789 630)
3(308 571 543)
3(285 614 124)
3(512 737 640)
3(640 737 315)
3(471 659 470)
3(428 665 455)
3(635 664 660)
3(614 738 294)
3(342 678 345)
3(498 771 768)
3(451 660 645)
3(672 781 563)
3(524 527 526)
3(422 681 673)
3(110 693 655)
3(591 665 653)
3(484 661 485)
3(646 666 378)
3(577 578 324)
3(297 577 78)
3(330 675 323)
3(698 703 600)
3(587 777 714)
3(553 699 554)
3(448 667 475)
3(657 660 451)
3(607 680 606)
3(482 666 646)
3(653 665 426)
3(12 757 495)
3(58 670 574)
3(584 671 368)
3(118 688 119)
3(282 735 500)
3(30 683 307)
3(309 683 31)
3(665 671 455)
3(422 673 634)
3(655 693 478)
3(363 679 584)
3(607 742 691)
3(549 741 550)
3(270 693 109)
3(456 694 469)
3(584 679 671)
3(548 704 322)
3(329 743 331)
3(321 682 329)
3(345 697 347)
3(738 763 294)
3(486 677 637)
3(457 691 449)
3(637 677 375)
3(80 662 79)
3(59 670 58)
3(303 745 552)
3(421 734 621)
3(357 664 622)
3(72 689 276)
3(459 668 568)
3(292 689 73)
3(123 684 285)
3(640 741 328)
3(491 692 490)
3(65 700 273)
3(426 665 428)
3(291 700 66)
3(490 692 656)
3(637 666 482)
3(318 783 674)
3(632 703 636)
3(293 718 687)
3(450 667 448)
3(67 702 291)
3(616 669 270)
3(284 684 122)
3(363 694 679)
3(673 681 604)
3(572 707 306)
3(268 702 68)
3(661 756 488)
3(664 673 604)
3(591 671 665)
3(296 739 545)
3(676 783 318)
3(581 733 582)
3(368 671 591)
3(307 779 573)
3(560 672 454)
3(311 719 33)
3(462 712 467)
3(463 715 625)
3(466 710 460)
3(634 673 635)
3(639 686 681)
3(472 676 466)
3(515 751 722)
3(669 765 270)
3(54 716 275)
3(281 706 56)
3(560 696 685)
3(724 745 539)
3(74 708 292)
3(333 675 330)
3(550 733 326)
3(596 772 520)
3(589 676 318)
3(79 662 297)
3(694 697 469)
3(639 681 422)
3(276 756 661)
3(649 690 314)
3(427 720 425)
3(325 731 141)
3(315 737 649)
3(122 684 123)
3(464 717 497)
3(630 789 492)
3(650 699 579)
3(559 696 560)
3(107 728 616)
3(320 708 75)
3(671 679 455)
3(297 578 577)
3(32 719 309)
3(278 728 106)
3(341 678 342)
3(31 683 30)
3(455 679 633)
3(341 680 678)
3(142 731 312)
3(641 714 437)
3(635 673 664)
3(647 677 486)
3(603 686 601)
3(685 696 574)
3(81 280 80)
3(605 760 557)
3(273 769 668)
3(681 686 603)
3(604 681 603)
3(554 699 650)
3(606 680 341)
3(324 688 118)
3(476 682 321)
3(337 713 421)
3(587 770 586)
3(679 694 633)
3(77 748 6)
3(312 740 143)
3(73 689 72)
3(340 711 339)
3(553 724 699)
3(423 686 639)
3(423 698 686)
3(322 704 555)
3(619 773 419)
3(596 742 379)
3(601 698 600)
3(473 695 458)
3(144 740 313)
3(686 698 601)
3(314 690 476)
3(628 788 594)
3(71 766 70)
3(735 743 500)
3(109 693 110)
3(494 692 491)
3(313 736 145)
3(4 755 105)
3(449 691 450)
3(268 725 513)
3(60 762 2)
3(670 685 574)
3(633 694 456)
3(41 730 1)
3(146 736 315)
3(558 778 267)
3(315 736 640)
3(347 697 363)
3(6 748 117)
3(579 699 302)
3(70 725 69)
3(343 711 340)
3(66 700 65)
3(636 698 423)
3(574 696 281)
3(323 755 4)
3(695 706 281)
3(659 759 470)
3(68 702 67)
3(566 778 474)
3(562 758 303)
3(668 769 568)
3(424 703 632)
3(56 706 55)
3(279 750 565)
3(424 705 703)
3(117 748 324)
3(573 707 572)
3(339 713 337)
3(518 772 468)
3(627 705 424)
3(363 697 694)
3(627 709 705)
3(2 762 59)
3(75 708 74)
3(1 727 40)
3(722 751 275)
3(467 709 627)
3(450 747 667)
3(294 763 598)
3(661 766 276)
3(594 788 773)
3(676 775 466)
3(514 766 661)
3(583 764 668)
3(745 758 539)
3(306 776 562)
3(706 716 55)
3(479 712 462)
3(324 748 577)
3(589 775 676)
3(519 746 520)
3(500 743 305)
3(716 722 275)
3(280 732 642)
3(473 716 706)
3(727 730 476)
3(578 744 509)
3(460 710 654)
3(280 662 80)
3(69 725 268)
3(55 716 54)
3(561 747 519)
3(714 770 587)
3(302 724 564)
3(461 751 515)
3(82 701 81)
3(497 714 641)
3(717 768 271)
3(699 724 302)
3(33 719 32)
3(654 715 463)
3(317 685 670)
3(565 729 301)
3(509 744 642)
3(598 739 296)
3(498 717 464)
3(513 725 514)
3(499 721 493)
3(520 746 742)
3(327 737 512)
3(474 720 427)
3(465 722 473)
3(668 764 597)
3(563 781 317)
3(720 778 558)
3(562 776 758)
3(594 787 593)
3(560 781 672)
3(297 744 578)
3(106 728 107)
3(785 786 274)
3(721 729 493)
3(631 782 440)
3(588 777 587)
3(709 711 343)
3(493 729 494)
3(274 786 623)
3(507 723 510)
3(141 731 142)
3(784 785 624)
3(317 762 60)
3(301 729 721)
3(780 784 289)
3(473 706 695)
3(301 721 663)
3(672 764 583)
3(624 785 274)
3(320 761 663)
3(328 741 549)
3(708 789 292)
3(425 774 417)
3(526 738 525)
3(690 727 476)
3(289 784 624)
3(476 730 682)
3(83 293 82)
3(712 713 339)
3(626 780 289)
3(556 752 325)
3(326 733 581)
3(525 738 726)
3(1 730 727)
3(534 753 533)
3(675 755 323)
3(713 734 421)
3(145 736 146)
3(552 745 553)
3(467 711 709)
3(143 740 144)
3(478 765 477)
3(379 742 607)
3(417 774 461)
3(553 745 724)
3(700 769 273)
3(526 763 738)
3(479 713 712)
3(318 749 116)
3(81 701 280)
3(267 778 566)
3(275 751 605)
3(582 752 311)
3(466 775 710)
3(547 779 548)
3(317 781 685)
3(488 756 630)
3(290 764 672)
3(473 722 716)
3(557 760 558)
3(528 763 526)
3(539 758 538)
3(593 782 588)
3(568 769 569)
3(84 718 83)
3(492 789 499)
3(715 767 625)
3(105 755 278)
3(270 765 693)
3(718 757 687)
3(470 759 498)
3(669 734 479)
3(687 754 293)
3(287 775 589)
3(613 786 610)
3(468 772 596)
3(597 764 290)
3(689 756 276)
3(610 786 785)
3(586 770 271)
3(520 772 518)
3(611 780 472)
3(419 773 613)
3(662 744 297)
3(494 750 659)
3(278 755 675)
3(440 787 619)
3(472 783 676)
3(610 785 609)
3(611 784 780)
3(609 785 784)
3(276 766 71)
3(76 761 320)
3(684 753 285)
3(437 777 631)
3(609 784 611)
3(670 762 317)
3(623 788 628)
3(758 776 538)
3(655 767 277)
3(577 748 77)
3(497 770 714)
3(538 776 540)
3(499 789 708)
3(85 495 84)
3(479 734 713)
3(693 765 478)
3(674 749 318)
3(498 768 717)
3(59 762 670)
3(569 769 700)
3(565 750 729)
3(691 746 450)
3(508 754 687)
3(726 753 534)
3(729 750 494)
3(630 756 689)
3(701 732 280)
3(293 701 82)
3(474 778 720)
3(674 783 626)
3(533 753 684)
3(710 775 287)
3(279 771 759)
3(773 788 613)
3(285 753 726)
3(685 781 560)
3(461 774 760)
3(277 767 715)
3(83 718 293)
3(732 754 508)
3(701 754 732)
3(293 754 701)
3(495 718 84)
3(786 788 623)
3(613 788 786)
3(782 787 440)
3(593 787 782)
3(759 771 498)
3(760 774 558)
3(495 757 718)
3(12 495 0)
3(0 495 85)
3(565 89 279)
3(565 301 88)
3(592 96 269)
3(586 94 288)
3(586 271 93)
3(592 288 95)
3(628 269 97)
3(628 98 623)
3(623 99 274)
3(624 274 100)
3(624 101 289)
3(626 289 102)
3(771 91 768)
3(663 87 301)
3(749 5 116)
3(674 626 103)
3(768 92 271)
3(761 76 3)
3(761 86 663)
3(771 279 90)
3(749 674 104)
3(88 87 824)
3(96 95 1115)
3(90 89 802)
3(89 88 1088)
3(93 92 794)
3(95 94 811)
3(94 93 1109)
3(97 96 792)
3(99 98 1146)
3(100 99 797)
3(98 97 1151)
3(101 100 1147)
3(102 101 812)
3(103 102 1149)
3(87 86 1186)
3(104 103 1197)
3(5 104 1272)
3(86 3 1284)
3(91 90 1294)
3(92 91 1291)
3(1003 791 1019)
3(251 250 1058)
3(1181 842 1230)
3(1019 814 1093)
3(809 997 1089)
3(1053 1028 1054)
3(1143 801 1144)
3(1050 1051 1067)
3(997 809 1174)
3(1144 1139 1192)
3(1144 1192 1257)
3(1046 1045 1057)
3(827 1050 1067)
3(847 1033 1101)
3(1048 1046 1057)
3(1067 1051 1262)
3(1034 149 1280)
3(806 251 1058)
3(791 1003 1036)
3(795 998 1167)
3(1052 1028 1053)
3(806 1058 1246)
3(1205 852 1266)
3(814 1092 1093)
3(1206 1071 1227)
3(998 795 1190)
3(1058 1055 1246)
3(828 1205 1266)
3(832 1206 1227)
3(1144 801 1251)
3(1118 1177 1238)
3(843 1022 1244)
3(809 1167 1174)
3(842 1096 1230)
3(1167 998 1174)
3(1068 819 1108)
3(1211 806 1246)
3(1033 1211 1246)
3(1177 1118 1233)
3(150 149 1034)
3(1033 847 1211)
3(1068 1067 1262)
3(1172 1213 1260)
3(836 1163 1264)
3(1019 791 1225)
3(250 807 1058)
3(1163 836 1259)
3(1024 1025 1052)
3(1027 1030 1055)
3(1069 1068 1108)
3(1025 1028 1052)
3(1050 827 1074)
3(1186 843 1244)
3(814 1019 1225)
3(1128 984 1274)
3(1213 850 1260)
3(984 1128 1283)
3(1031 1026 1034)
3(1029 1031 1165)
3(1054 807 1056)
3(1045 1053 1057)
3(1063 1181 1230)
3(1069 821 1173)
3(1054 1028 1055)
3(1024 818 1025)
3(828 178 1253)
3(830 1071 1206)
3(805 180 1023)
3(151 818 1024)
3(1025 818 1026)
3(829 1063 1230)
3(1027 1026 1029)
3(801 1143 1198)
3(1029 1026 1031)
3(1079 832 1227)
3(807 1054 1058)
3(1028 1027 1055)
3(1205 828 1253)
3(1066 1069 1173)
3(252 806 1211)
3(1030 1029 1032)
3(1071 830 1302)
3(1201 868 1220)
3(1105 848 1254)
3(1165 1031 1255)
3(800 1118 1238)
3(1063 829 1299)
3(818 150 1034)
3(1038 943 1039)
3(1165 803 1185)
3(988 1038 1039)
3(848 1105 1275)
3(994 1182 1215)
3(1025 1026 1027)
3(175 851 1035)
3(1077 833 1094)
3(1020 794 1240)
3(899 905 1200)
3(835 1073 1256)
3(1065 1067 1068)
3(1105 835 1256)
3(822 1024 1052)
3(1066 1077 1094)
3(948 1081 1243)
3(1053 1054 1056)
3(854 1258 1266)
3(1044 822 1045)
3(821 1069 1108)
3(1022 843 1231)
3(1073 835 1263)
3(835 1105 1254)
3(1040 1042 1084)
3(802 1182 1282)
3(832 1079 1242)
3(179 828 1023)
3(823 1047 1074)
3(177 850 1250)
3(1026 818 1034)
3(1027 1029 1030)
3(1182 802 1273)
3(153 822 1044)
3(182 1040 1084)
3(1065 1064 1067)
3(1047 1050 1074)
3(1121 1051 1286)
3(896 898 1189)
3(1004 1007 1036)
3(1003 1004 1036)
3(1033 1032 1101)
3(179 178 828)
3(151 150 818)
3(1201 992 1203)
3(1269 973 1270)
3(833 160 1094)
3(1013 1170 1179)
3(1054 1055 1058)
3(1039 943 1103)
3(822 152 1024)
3(1170 905 1179)
3(823 1046 1047)
3(850 176 1035)
3(992 980 1203)
3(813 1086 1195)
3(808 1137 1249)
3(823 1044 1046)
3(152 151 1024)
3(1077 1066 1173)
3(1037 207 1248)
3(1117 1142 1296)
3(207 1037 1289)
3(794 1020 1293)
3(842 234 1070)
3(827 156 1074)
3(1064 827 1067)
3(1035 851 1163)
3(180 179 1023)
3(1048 1057 1249)
3(1051 1121 1262)
3(157 827 1064)
3(177 176 850)
3(254 253 847)
3(1000 1002 1192)
3(1182 1017 1215)
3(1092 814 1223)
3(181 805 1040)
3(1081 948 1297)
3(1045 822 1052)
3(854 991 1258)
3(991 1041 1258)
3(850 1213 1250)
3(1118 810 1233)
3(234 233 1070)
3(1045 1052 1053)
3(1047 1046 1048)
3(181 180 805)
3(992 1201 1220)
3(238 237 1060)
3(1042 1269 1270)
3(176 175 1035)
3(901 1059 1138)
3(823 154 1044)
3(154 153 1044)
3(239 238 1087)
3(1030 1032 1033)
3(1031 1034 1210)
3(1036 1007 1037)
3(182 181 1040)
3(161 833 1075)
3(825 239 1087)
3(1060 1062 1087)
3(1066 1065 1069)
3(173 849 1072)
3(905 1170 1200)
3(957 955 1174)
3(1154 1111 1300)
3(1075 833 1076)
3(968 975 1093)
3(158 157 1064)
3(1111 1154 1305)
3(184 795 1167)
3(1076 833 1077)
3(1249 1137 1261)
3(1040 805 1041)
3(975 1019 1093)
3(845 232 1078)
3(1142 1117 1310)
3(163 826 1085)
3(831 1064 1065)
3(153 152 822)
3(851 174 1072)
3(1072 849 1073)
3(831 158 1064)
3(1044 1045 1046)
3(834 1242 1275)
3(898 1160 1189)
3(175 174 851)
3(1000 1192 1288)
3(162 161 1075)
3(174 173 1072)
3(155 154 823)
3(238 1060 1087)
3(233 845 1070)
3(790 187 1089)
3(1096 842 1302)
3(1103 1099 1175)
3(1059 901 1169)
3(1218 1082 1219)
3(1039 1103 1175)
3(164 163 1085)
3(1073 836 1264)
3(795 183 1084)
3(187 186 1089)
3(990 1234 1235)
3(189 188 1080)
3(1032 1029 1165)
3(1091 969 1092)
3(237 839 1060)
3(233 232 845)
3(795 1084 1270)
3(157 156 827)
3(981 954 1082)
3(232 231 1078)
3(842 1070 1302)
3(955 997 1174)
3(172 171 1104)
3(943 911 1103)
3(1055 1030 1246)
3(190 189 1128)
3(171 834 1104)
3(252 251 806)
3(183 182 1084)
3(159 158 831)
3(235 234 842)
3(1065 1068 1069)
3(1090 969 1091)
3(826 162 1075)
3(830 1095 1096)
3(1098 1138 1166)
3(184 183 795)
3(1138 1059 1166)
3(1265 1214 1269)
3(1078 848 1079)
3(813 199 1086)
3(982 933 1090)
3(894 901 1138)
3(161 160 833)
3(1060 1061 1062)
3(160 159 1094)
3(969 968 1093)
3(980 1130 1203)
3(934 953 954)
3(954 977 1082)
3(237 236 839)
3(1070 845 1071)
3(231 848 1078)
3(195 194 1097)
3(890 910 1099)
3(982 1090 1091)
3(186 809 1089)
3(889 885 1098)
3(933 909 1090)
3(163 162 826)
3(186 185 809)
3(830 166 1095)
3(798 190 1128)
3(188 790 1080)
3(198 197 840)
3(1104 834 1105)
3(954 953 977)
3(934 933 953)
3(1087 1062 1247)
3(984 943 1038)
3(189 1080 1128)
3(910 933 934)
3(1047 1048 1049)
3(198 840 1086)
3(829 164 1085)
3(888 890 1099)
3(1114 1113 1141)
3(155 823 1074)
3(1125 1124 1126)
3(964 954 981)
3(1159 1221 1226)
3(871 869 1125)
3(977 953 1106)
3(892 871 1125)
3(940 911 943)
3(878 884 1113)
3(885 882 1098)
3(855 856 857)
3(165 164 829)
3(876 878 1113)
3(872 873 874)
3(173 172 849)
3(905 903 1140)
3(1082 977 1083)
3(874 875 876)
3(906 888 1099)
3(857 856 858)
3(1040 1041 1042)
3(870 871 872)
3(998 957 1174)
3(1115 1111 1116)
3(1041 805 1258)
3(188 187 790)
3(240 239 825)
3(910 909 933)
3(887 885 888)
3(911 906 1103)
3(882 883 1098)
3(876 877 878)
3(888 889 890)
3(988 981 996)
3(811 1109 1110)
3(886 872 1107)
3(235 842 1181)
3(892 1127 1145)
3(872 871 873)
3(903 913 1140)
3(1190 795 1270)
3(894 896 901)
3(878 879 882)
3(868 869 870)
3(887 888 906)
3(874 873 875)
3(940 943 984)
3(156 155 1074)
3(810 257 1112)
3(870 869 871)
3(849 172 1104)
3(890 908 909)
3(892 1125 1126)
3(975 1003 1019)
3(906 1099 1103)
3(876 875 877)
3(1135 1133 1136)
3(882 879 883)
3(888 885 889)
3(892 1126 1127)
3(1130 980 1214)
3(890 889 908)
3(878 877 879)
3(953 982 1106)
3(935 968 969)
3(909 908 935)
3(857 858 859)
3(868 867 869)
3(855 853 856)
3(884 882 885)
3(890 909 910)
3(792 1115 1116)
3(1092 969 1093)
3(934 954 964)
3(167 166 830)
3(884 885 887)
3(909 935 1090)
3(942 926 1135)
3(1015 1016 1022)
3(883 894 1138)
3(926 928 1135)
3(881 1123 1124)
3(1148 1001 1290)
3(1012 1015 1153)
3(881 1122 1123)
3(800 259 1118)
3(865 867 868)
3(171 170 834)
3(978 956 1156)
3(831 1065 1066)
3(1149 1303 1306)
3(242 241 821)
3(902 1129 1130)
3(874 876 891)
3(966 995 1134)
3(935 969 1090)
3(256 255 841)
3(256 841 1112)
3(889 1098 1166)
3(869 881 1125)
3(891 876 1113)
3(894 895 896)
3(864 863 865)
3(942 1135 1136)
3(883 893 894)
3(200 199 813)
3(1004 1006 1007)
3(878 882 884)
3(968 970 975)
3(975 976 1003)
3(231 230 848)
3(944 1143 1144)
3(962 993 994)
3(865 866 867)
3(1011 1012 1153)
3(1234 862 1235)
3(1060 839 1061)
3(199 198 1086)
3(859 858 860)
3(935 967 968)
3(881 867 1122)
3(930 965 1131)
3(870 872 886)
3(1008 1010 1011)
3(928 1131 1135)
3(944 858 1143)
3(953 933 982)
3(881 1124 1125)
3(896 897 898)
3(861 862 863)
3(865 863 866)
3(861 860 862)
3(902 859 1129)
3(859 860 861)
3(867 866 1122)
3(1131 1132 1133)
3(1131 965 1132)
3(861 863 864)
3(907 906 911)
3(258 810 1118)
3(963 922 1142)
3(1080 790 1081)
3(928 930 1131)
3(869 867 881)
3(873 871 892)
3(1098 883 1138)
3(1042 1041 1043)
3(860 858 944)
3(258 257 810)
3(899 903 905)
3(260 259 800)
3(857 859 902)
3(913 962 1140)
3(241 240 1102)
3(1012 1014 1015)
3(257 256 1112)
3(200 813 1120)
3(858 856 1143)
3(891 1113 1114)
3(1131 1133 1135)
3(966 989 995)
3(259 258 1118)
3(930 938 965)
3(922 924 1142)
3(1165 1185 1267)
3(811 1110 1111)
3(169 168 832)
3(263 262 793)
3(956 958 1156)
3(244 243 819)
3(1003 976 1004)
3(883 879 893)
3(935 908 967)
3(937 947 1150)
3(877 875 880)
3(962 994 1140)
3(1007 1006 1008)
3(1303 995 1306)
3(958 972 979)
3(1242 1079 1275)
3(839 236 1181)
3(960 918 1154)
3(975 970 976)
3(924 926 942)
3(1001 1178 1290)
3(968 967 970)
3(873 892 1145)
3(263 793 1139)
3(894 893 895)
3(836 1073 1263)
3(986 939 1148)
3(965 966 1134)
3(854 855 991)
3(929 927 1155)
3(1043 1119 1265)
3(1132 965 1134)
3(924 942 1142)
3(854 853 855)
3(1113 884 1141)
3(861 864 1129)
3(939 959 1148)
3(792 1116 1117)
3(979 980 992)
3(859 861 1129)
3(920 922 963)
3(901 896 1189)
3(264 263 1139)
3(872 874 1107)
3(796 201 1120)
3(852 853 854)
3(912 911 940)
3(959 1000 1001)
3(1099 910 1175)
3(965 938 966)
3(937 932 947)
3(191 190 798)
3(266 265 801)
3(229 228 835)
3(918 920 1154)
3(1157 941 1158)
3(201 200 1120)
3(887 906 907)
3(896 895 897)
3(952 937 1150)
3(985 952 990)
3(932 929 1155)
3(216 215 820)
3(917 915 941)
3(792 1117 1151)
3(811 1111 1115)
3(934 964 1175)
3(936 939 986)
3(880 875 1145)
3(926 927 928)
3(928 929 930)
3(185 184 1167)
3(962 987 993)
3(913 961 962)
3(964 981 988)
3(959 985 1000)
3(243 242 1108)
3(959 1001 1148)
3(240 825 1102)
3(916 918 960)
3(991 855 1119)
3(920 963 1154)
3(930 931 938)
3(898 897 899)
3(924 925 926)
3(990 952 1150)
3(1011 1010 1012)
3(939 952 959)
3(246 245 817)
3(921 919 945)
3(959 952 985)
3(1000 985 1002)
3(947 932 1155)
3(941 915 1152)
3(852 846 853)
3(928 927 929)
3(202 201 796)
3(875 873 1145)
3(877 880 1168)
3(930 929 931)
3(250 249 807)
3(966 983 989)
3(893 879 1168)
3(967 908 1166)
3(951 956 978)
3(1114 1141 1176)
3(1153 815 1212)
3(922 923 924)
3(926 925 927)
3(194 193 804)
3(958 979 1156)
3(931 929 932)
3(939 937 952)
3(979 972 980)
3(936 937 939)
3(925 923 946)
3(936 932 937)
3(962 961 987)
3(1004 1005 1006)
3(204 203 814)
3(931 932 936)
3(914 904 915)
3(917 941 1157)
3(904 900 1152)
3(987 961 1020)
3(913 904 914)
3(966 938 983)
3(1158 941 1180)
3(924 923 925)
3(913 914 961)
3(248 247 808)
3(1226 1123 1228)
3(920 921 922)
3(903 904 913)
3(166 165 1095)
3(898 899 1200)
3(918 919 920)
3(1140 994 1179)
3(206 205 791)
3(1078 1079 1227)
3(884 887 1141)
3(945 919 1157)
3(903 900 904)
3(974 893 1168)
3(899 900 903)
3(209 208 799)
3(936 986 1161)
3(993 987 1021)
3(916 917 918)
3(922 921 923)
3(874 891 1107)
3(918 917 919)
3(908 889 1166)
3(1063 839 1181)
3(1059 967 1166)
3(914 915 916)
3(1008 1009 1010)
3(920 919 921)
3(970 967 1059)
3(895 893 974)
3(916 915 917)
3(1004 976 1005)
3(855 857 1119)
3(955 950 997)
3(1015 1014 1016)
3(245 244 1121)
3(879 877 1168)
3(921 945 1162)
3(938 931 1161)
3(1139 1144 1251)
3(915 904 1152)
3(907 911 912)
3(964 1039 1175)
3(899 897 900)
3(925 946 1159)
3(916 960 1164)
3(1155 927 1159)
3(983 938 1161)
3(927 925 1159)
3(821 241 1102)
3(931 936 1161)
3(946 923 1162)
3(211 210 815)
3(1008 1006 1009)
3(919 917 1157)
3(1123 1122 1228)
3(961 914 1164)
3(1020 961 1164)
3(261 260 1178)
3(958 971 972)
3(227 226 836)
3(914 916 1164)
3(194 804 1097)
3(923 921 1162)
3(1006 1005 1160)
3(857 902 1119)
3(247 246 1137)
3(215 214 1100)
3(887 907 1141)
3(910 934 1175)
3(971 957 998)
3(912 940 948)
3(976 970 1169)
3(1008 1011 1184)
3(1152 900 1171)
3(809 185 1167)
3(821 1102 1173)
3(844 11 846)
3(242 821 1108)
3(1012 1010 1013)
3(1237 960 1300)
3(981 1082 1218)
3(1025 1027 1028)
3(1009 1006 1160)
3(1012 1013 1014)
3(1010 1009 1170)
3(223 11 837)
3(970 1059 1169)
3(956 957 958)
3(895 974 1171)
3(897 895 1171)
3(1005 976 1169)
3(844 846 852)
3(225 224 838)
3(224 223 1172)
3(796 1120 1191)
3(1056 807 1207)
3(951 955 956)
3(1152 1171 1180)
3(1053 1056 1057)
3(949 950 951)
3(159 831 1094)
3(1016 1014 1017)
3(900 897 1171)
3(912 948 949)
3(949 948 950)
3(1038 988 1245)
3(213 212 843)
3(958 957 971)
3(165 829 1095)
3(1171 974 1180)
3(972 971 973)
3(837 844 999)
3(951 950 955)
3(1013 1010 1170)
3(956 955 957)
3(819 243 1108)
3(260 800 1178)
3(964 988 1039)
3(236 235 1181)
3(1228 1122 1232)
3(837 11 844)
3(905 1140 1179)
3(1050 1049 1051)
3(1161 986 1177)
3(1179 994 1215)
3(244 819 1121)
3(983 1161 1177)
3(1122 866 1232)
3(1183 880 1187)
3(1210 1034 1280)
3(941 1152 1180)
3(1141 907 1176)
3(1168 880 1183)
3(907 912 1176)
3(804 1218 1219)
3(817 245 1121)
3(1061 839 1063)
3(1106 982 1191)
3(977 1106 1195)
3(912 949 1176)
3(838 224 1172)
3(826 1268 1281)
3(1037 1007 1184)
3(1158 1180 1183)
3(1145 1127 1187)
3(246 817 1137)
3(1143 856 1198)
3(223 837 1172)
3(815 1153 1312)
3(831 1066 1094)
3(808 247 1137)
3(1035 1163 1260)
3(1163 838 1260)
3(994 993 1182)
3(951 978 1188)
3(1158 1183 1187)
3(1137 817 1261)
3(865 868 1201)
3(1021 1291 1294)
3(974 1168 1183)
3(1195 1086 1304)
3(1047 1049 1050)
3(945 1196 1204)
3(261 1178 1216)
3(1114 1176 1188)
3(1007 1008 1184)
3(1169 901 1189)
3(1100 847 1101)
3(820 215 1100)
3(853 846 1198)
3(1221 1123 1226)
3(1110 1237 1300)
3(1076 1077 1222)
3(971 998 1190)
3(1180 974 1183)
3(1130 1129 1203)
3(1005 1169 1189)
3(1176 949 1188)
3(149 1018 1280)
3(195 1097 1193)
3(1107 891 1194)
3(253 252 1211)
3(805 1023 1258)
3(167 830 1206)
3(832 168 1206)
3(1188 978 1194)
3(945 1157 1196)
3(1178 1001 1216)
3(886 1107 1202)
3(1130 1214 1265)
3(1072 1073 1264)
3(793 262 1216)
3(979 992 1217)
3(1107 1194 1202)
3(1071 845 1227)
3(852 854 1266)
3(844 852 1205)
3(868 870 1220)
3(1261 817 1286)
3(1009 1160 1200)
3(980 972 1214)
3(1160 898 1200)
3(217 216 1185)
3(196 195 1193)
3(826 1075 1268)
3(944 1144 1257)
3(880 1145 1187)
3(209 799 1212)
3(982 1091 1191)
3(815 210 1212)
3(248 808 1207)
3(1163 851 1264)
3(1014 1013 1215)
3(202 796 1223)
3(949 951 1188)
3(814 203 1223)
3(1013 1179 1215)
3(1160 1005 1189)
3(841 1197 1306)
3(1155 1159 1226)
3(816 1210 1241)
3(973 971 1190)
3(204 814 1225)
3(1139 793 1192)
3(807 249 1207)
3(886 1202 1217)
3(1196 1127 1204)
3(1095 829 1230)
3(791 205 1225)
3(1184 1011 1279)
3(1187 1127 1196)
3(1114 1188 1194)
3(819 1068 1262)
3(1199 841 1306)
3(1104 1105 1256)
3(891 1114 1194)
3(830 1096 1302)
3(1083 977 1195)
3(834 170 1242)
3(985 990 1235)
3(986 1148 1238)
3(989 983 1233)
3(1157 1158 1196)
3(1162 1204 1209)
3(995 989 1199)
3(1038 1245 1274)
3(1192 793 1288)
3(191 798 1239)
3(804 193 1229)
3(1083 1208 1219)
3(1247 1062 1268)
3(211 815 1231)
3(856 853 1198)
3(1073 849 1256)
3(1119 1043 1295)
3(1112 841 1199)
3(216 820 1185)
3(1217 992 1220)
3(1162 945 1204)
3(799 1184 1279)
3(1172 837 1213)
3(950 948 1243)
3(848 230 1254)
3(838 1172 1260)
3(249 248 1207)
3(987 1020 1240)
3(1153 1015 1312)
3(1173 1102 1222)
3(1082 1083 1219)
3(264 1139 1251)
3(843 212 1231)
3(1194 978 1202)
3(820 1100 1101)
3(169 832 1242)
3(801 265 1251)
3(864 865 1201)
3(168 167 1206)
3(978 1156 1202)
3(864 1201 1203)
3(229 835 1254)
3(1164 960 1237)
3(1158 1187 1196)
3(1170 1009 1200)
3(1126 1124 1209)
3(1208 1097 1219)
3(218 217 803)
3(1128 1080 1283)
3(796 1191 1292)
3(1204 1126 1209)
3(1127 1126 1204)
3(1077 1173 1222)
3(1129 864 1203)
3(847 253 1211)
3(999 844 1205)
3(860 944 1236)
3(1110 1109 1293)
3(1202 1156 1217)
3(214 10 1271)
3(835 228 1263)
3(210 209 1212)
3(863 862 1234)
3(1076 1222 1247)
3(946 1162 1209)
3(946 1209 1221)
3(845 1078 1227)
3(1142 942 1296)
3(1119 902 1265)
3(1124 1123 1221)
3(996 981 1218)
3(227 836 1263)
3(1209 1124 1221)
3(837 999 1213)
3(1151 1117 1311)
3(208 207 1289)
3(1258 1023 1266)
3(262 261 1216)
3(1017 1014 1215)
3(836 226 1259)
3(11 266 1278)
3(972 973 1214)
3(791 1036 1248)
3(197 9 1285)
3(1193 1097 1208)
3(1156 979 1217)
3(178 8 1253)
3(225 838 1259)
3(1081 790 1301)
3(838 1163 1259)
3(870 886 1220)
3(10 254 1271)
3(1102 825 1222)
3(207 206 1248)
3(866 863 1234)
3(203 202 1223)
3(1159 946 1221)
3(1097 804 1219)
3(846 11 1278)
3(1218 804 1229)
3(1182 993 1282)
3(205 204 1225)
3(1089 997 1301)
3(1085 826 1281)
3(1191 1091 1292)
3(947 1155 1226)
3(193 192 1229)
3(802 1088 1273)
3(947 1226 1228)
3(254 847 1271)
3(1096 1095 1230)
3(862 860 1236)
3(1041 991 1295)
3(1150 947 1228)
3(886 1217 1220)
3(1150 1228 1232)
3(9 196 1285)
3(212 211 1231)
3(8 177 1250)
3(1245 798 1274)
3(990 1150 1232)
3(973 1190 1270)
3(817 1121 1286)
3(1184 799 1289)
3(1117 1296 1311)
3(1199 989 1298)
3(1037 1184 1289)
3(1106 1191 1287)
3(1268 1062 1281)
3(829 1085 1299)
3(1229 192 1239)
3(1002 985 1235)
3(847 1100 1271)
3(1112 1199 1298)
3(1042 1043 1269)
3(1023 828 1266)
3(1239 798 1245)
3(803 1165 1255)
3(996 1229 1239)
3(1250 999 1253)
3(1101 1032 1267)
3(983 1177 1233)
3(803 217 1185)
3(206 791 1248)
3(192 191 1239)
3(1084 1042 1270)
3(1237 1110 1293)
3(825 1087 1247)
3(984 1038 1274)
3(219 218 1224)
3(1020 1164 1237)
3(1240 794 1291)
3(1222 825 1247)
3(170 169 1242)
3(1177 986 1238)
3(840 1193 1208)
3(1088 824 1252)
3(1032 1165 1267)
3(1121 819 1262)
3(1021 987 1240)
3(1036 1037 1248)
3(1022 1016 1244)
3(1043 1265 1269)
3(850 1035 1260)
3(997 950 1243)
3(988 996 1245)
3(1191 1120 1287)
3(1086 840 1304)
3(1243 1081 1301)
3(1085 1281 1299)
3(1117 1116 1310)
3(1083 1195 1304)
3(820 1101 1267)
3(265 264 1251)
3(1308 797 1309)
3(1244 1016 1252)
3(1154 963 1305)
3(1111 1110 1300)
3(1232 866 1234)
3(1016 1017 1252)
3(797 1146 1309)
3(1030 1033 1246)
3(230 229 1254)
3(1307 1147 1308)
3(840 197 1285)
3(824 1244 1252)
3(1303 812 1307)
3(996 1218 1229)
3(824 1186 1244)
3(1195 1106 1287)
3(1147 797 1308)
3(843 1186 1284)
3(851 1072 1264)
3(1231 815 1312)
3(948 940 1297)
3(1049 1048 1261)
3(1213 999 1250)
3(812 1147 1307)
3(999 1205 1253)
3(220 219 816)
3(1235 862 1236)
3(1149 812 1303)
3(1079 848 1275)
3(849 1104 1256)
3(1048 1249 1261)
3(8 1250 1253)
3(1057 1056 1276)
3(1198 846 1278)
3(1236 944 1257)
3(226 225 1259)
3(1075 1076 1268)
3(990 1232 1234)
3(228 227 1263)
3(1001 1000 1288)
3(902 1130 1265)
3(940 984 1297)
3(1076 1247 1268)
3(1223 796 1292)
3(1049 1261 1286)
3(1002 1235 1236)
3(841 255 1272)
3(218 803 1224)
3(790 1089 1301)
3(798 1128 1274)
3(1105 834 1275)
3(989 1233 1298)
3(1070 1071 1302)
3(840 1208 1304)
3(1011 1153 1279)
3(813 1195 1287)
3(996 1239 1245)
3(1080 1081 1283)
3(1051 1049 1286)
3(1062 1061 1281)
3(1116 1111 1305)
3(1091 1092 1292)
3(221 220 1241)
3(1015 1022 1312)
3(1238 1148 1290)
3(266 801 1278)
3(793 1216 1288)
3(1241 1210 1280)
3(993 1021 1282)
3(1192 1002 1257)
3(1210 816 1277)
3(810 1112 1298)
3(1136 1133 1309)
3(991 1119 1295)
3(1120 813 1287)
3(1212 799 1279)
3(1133 1308 1309)
3(1109 794 1293)
3(1043 1041 1295)
3(1134 995 1303)
3(942 1136 1296)
3(1185 820 1267)
3(1017 1182 1273)
3(801 1198 1278)
3(963 1142 1310)
3(995 1199 1306)
3(1133 1132 1308)
3(1134 1303 1307)
3(1132 1307 1308)
3(799 208 1289)
3(213 843 1284)
3(1207 808 1276)
3(960 1154 1300)
3(1132 1134 1307)
3(1193 840 1285)
3(1146 1151 1311)
3(1281 1061 1299)
3(1178 800 1290)
3(1100 214 1271)
3(1020 1237 1293)
3(1061 1063 1299)
3(1022 1231 1312)
3(222 221 1018)
3(1002 1236 1257)
3(1216 1001 1288)
3(1197 841 1272)
3(1021 1240 1291)
3(196 1193 1285)
3(1092 1223 1292)
3(1088 1252 1273)
3(1214 973 1269)
3(1031 1210 1277)
3(1249 1057 1276)
3(1252 1017 1273)
3(1153 1212 1279)
3(1224 803 1255)
3(816 219 1224)
3(997 1243 1301)
3(1197 1149 1306)
3(1056 1207 1276)
3(1233 810 1298)
3(802 1282 1294)
3(1296 1136 1311)
3(808 1249 1276)
3(1208 1083 1304)
3(984 1283 1297)
3(800 1238 1290)
3(220 816 1241)
3(1255 1031 1277)
3(1224 1255 1277)
3(816 1224 1277)
3(1018 221 1241)
3(1309 1146 1311)
3(1136 1309 1311)
3(1305 963 1310)
3(1116 1305 1310)
3(1282 1021 1294)
3(1283 1081 1297)
3(1018 1241 1280)
3(149 7 1018)
3(7 222 1018)
3(1088 802 89)
3(1088 88 824)
3(1115 792 96)
3(1109 811 94)
3(1109 93 794)
3(1115 95 811)
3(1151 97 792)
3(1151 1146 98)
3(1146 797 99)
3(1147 100 797)
3(1147 812 101)
3(1149 102 812)
3(1294 1291 91)
3(1186 824 87)
3(1272 255 5)
3(1197 103 1149)
3(1291 794 92)
3(1284 3 213)
3(1284 1186 86)
3(1294 90 802)
3(1272 104 1197)
4(40 177 8 1)
4(39 176 177 40)
4(38 175 176 39)
4(37 174 175 38)
4(36 173 174 37)
4(35 172 173 36)
4(34 171 172 35)
4(33 170 171 34)
4(32 169 170 33)
4(31 168 169 32)
4(30 167 168 31)
4(29 166 167 30)
4(28 165 166 29)
4(27 164 165 28)
4(26 163 164 27)
4(25 162 163 26)
4(24 161 162 25)
4(23 160 161 24)
4(22 159 160 23)
4(21 158 159 22)
4(20 157 158 21)
4(19 156 157 20)
4(18 155 156 19)
4(17 154 155 18)
4(16 153 154 17)
4(15 152 153 16)
4(14 151 152 15)
4(13 150 151 14)
4(12 149 150 13)
4(0 7 149 12)
4(1 8 178 41)
4(41 178 179 42)
4(42 179 180 43)
4(43 180 181 44)
4(44 181 182 45)
4(45 182 183 46)
4(46 183 184 47)
4(47 184 185 48)
4(48 185 186 49)
4(49 186 187 50)
4(50 187 188 51)
4(51 188 189 52)
4(52 189 190 53)
4(53 190 191 54)
4(54 191 192 55)
4(55 192 193 56)
4(56 193 194 57)
4(57 194 195 58)
4(58 195 196 59)
4(59 196 9 2)
4(76 75 212 213)
4(75 74 211 212)
4(74 73 210 211)
4(73 72 209 210)
4(72 71 208 209)
4(71 70 207 208)
4(70 69 206 207)
4(69 68 205 206)
4(68 67 204 205)
4(67 66 203 204)
4(66 65 202 203)
4(65 64 201 202)
4(64 63 200 201)
4(63 62 199 200)
4(62 61 198 199)
4(61 60 197 198)
4(60 2 9 197)
3(3 76 213)
4(146 225 226 145)
4(137 234 235 136)
4(139 232 233 138)
4(138 233 234 137)
4(136 235 236 135)
4(134 237 238 133)
4(141 230 231 140)
4(132 239 240 131)
4(130 241 242 129)
4(144 227 228 143)
4(147 224 225 146)
4(145 226 227 144)
4(142 229 230 141)
4(109 262 263 108)
4(128 243 244 127)
4(112 259 260 111)
4(108 263 264 107)
4(113 258 259 112)
4(111 260 261 110)
4(126 245 246 125)
4(107 264 265 106)
4(106 265 266 105)
4(114 257 258 113)
4(118 253 254 117)
4(119 252 253 118)
4(124 247 248 123)
4(121 250 251 120)
4(140 231 232 139)
4(133 238 239 132)
4(131 240 241 130)
4(129 242 243 128)
4(125 246 247 124)
4(127 244 245 126)
4(143 228 229 142)
4(148 223 224 147)
4(116 255 256 115)
4(4 11 223 148)
4(105 266 11 4)
4(117 254 10 6)
4(135 236 237 134)
4(115 256 257 114)
4(120 251 252 119)
4(122 249 250 121)
4(110 261 262 109)
4(123 248 249 122)
3(255 116 5)
4(6 10 214 77)
4(77 214 215 78)
4(78 215 216 79)
4(79 216 217 80)
4(80 217 218 81)
4(81 218 219 82)
4(82 219 220 83)
4(83 220 221 84)
4(84 221 222 85)
4(85 222 7 0)
)


// ************************************************************************* //
