/*--------------------------------*- C++ -*----------------------------------*\
  =========                 |
  \\      /  F ield         | OpenFOAM: The Open Source CFD Toolbox
   \\    /   O peration     | Website:  https://openfoam.org
    \\  /    A nd           | Version:  7
     \\/     M anipulation  |
\*---------------------------------------------------------------------------*/
FoamFile
{
    version     2.0;
    format      ascii;
    class       labelList;
    note        "nPoints:1313  nCells:1188  nFaces:4210  nInternalFaces:1710";
    location    "constant/graphite/polyMesh";
    object      neighbour;
}
// * * * * * * * * * * * * * * * * * * * * * * * * * * * * * * * * * * * * * //


1710
(
1168
1180
1169
1172
1167
1186
1167
1168
1171
1183
1170
1172
1170
1171
1169
1173
1174
1175
1175
1176
1173
1174
1176
1177
1177
1178
1178
1182
1180
1185
1182
1187
1181
1187
1184
1185
1179
1186
1179
1183
38
64
372
37
65
53
81
355
43
73
223
28
298
954
40
83
124
49
92
430
32
35
736
52
263
30
652
837
819
1095
34
80
232
71
173
60
148
781
176
193
61
177
59
743
792
41
269
147
934
45
54
219
70
192
46
56
47
809
810
183
391
48
86
808
359
787
155
266
97
987
94
798
652
888
58
105
1006
72
128
1013
54
688
243
962
341
69
729
846
57
99
60
1033
190
993
107
906
119
846
75
874
877
66
249
825
73
842
95
583
931
941
70
84
121
96
138
266
127
273
695
143
172
1040
1043
836
76
1000
1075
189
1015
900
1151
93
137
204
93
104
254
95
124
709
192
712
90
636
98
127
689
96
155
88
89
97
149
938
101
797
175
194
796
150
165
113
137
106
841
93
113
138
760
1109
133
622
155
695
1050
166
210
269
795
138
203
254
850
1078
195
771
811
111
130
876
989
1154
404
1152
981
1126
137
150
110
156
311
483
989
994
719
731
1054
1076
182
738
767
695
174
198
235
122
153
220
170
879
1003
212
468
618
120
129
867
142
273
130
848
157
186
166
763
185
875
1020
712
187
809
928
140
186
232
691
884
1127
508
912
893
141
339
997
139
952
1147
498
887
149
175
987
143
159
319
179
189
970
959
1108
201
228
206
270
173
227
775
177
974
1084
234
447
524
147
205
425
489
203
992
161
195
892
197
973
1136
285
287
158
727
830
247
265
165
228
212
735
164
193
179
198
1015
289
521
282
774
1081
221
764
1149
200
232
904
169
945
1012
225
919
976
927
978
1103
1125
191
262
272
259
366
178
765
825
1056
1138
1010
217
259
906
961
236
574
1095
930
1108
829
1134
194
206
222
1046
1163
192
188
511
343
964
1048
458
1146
241
314
871
240
256
986
997
245
279
284
201
239
208
240
1033
743
1137
756
1012
215
237
285
345
999
240
286
310
273
408
230
238
333
896
263
341
728
218
1029
1118
220
1062
223
288
427
231
1028
1086
278
554
786
770
1056
339
343
372
257
261
918
1022
1110
248
301
955
231
408
235
238
1044
804
867
271
498
852
1076
815
831
860
1065
275
319
257
293
251
344
1074
262
850
247
373
531
700
780
694
748
882
655
316
508
804
258
270
278
298
434
853
1063
305
312
1009
274
391
1087
292
435
359
997
291
321
694
294
1078
646
268
369
326
348
1033
304
312
307
406
714
355
297
414
301
818
303
850
962
279
417
464
637
803
1014
1136
294
622
1054
424
436
297
300
445
360
398
435
1085
714
383
391
379
789
308
309
392
308
335
499
808
1078
429
675
793
317
389
531
822
302
328
377
417
346
395
688
393
617
534
1075
344
460
315
1036
848
1076
324
313
445
864
999
365
1000
900
346
682
775
1047
436
1019
330
981
337
351
477
517
588
366
371
446
897
392
557
784
833
948
325
368
418
382
752
371
463
365
529
331
426
517
349
388
338
387
645
722
350
419
357
364
526
369
358
468
735
851
882
364
374
412
363
373
385
476
465
357
368
441
683
390
548
1086
796
561
389
363
377
394
373
457
376
464
374
381
377
380
557
922
1017
484
909
1170
441
526
802
732
378
505
758
463
471
616
973
420
524
376
381
426
368
386
811
540
580
1067
467
474
1097
1055
380
384
389
378
428
493
422
478
1098
490
903
803
814
635
649
445
751
414
438
395
491
437
470
405
462
516
866
394
426
520
1169
549
797
623
414
399
422
502
647
1013
1089
423
464
443
552
403
446
921
503
560
1090
433
473
880
439
668
469
480
432
771
852
487
587
891
763
496
1053
1144
662
691
451
789
1066
419
633
479
510
1105
416
1072
474
869
635
446
462
477
507
541
449
456
889
1106
490
507
475
495
601
501
504
489
501
876
444
819
494
555
767
449
453
569
1080
914
1052
750
452
466
491
504
453
462
455
461
481
942
569
639
686
461
478
466
476
541
566
450
456
914
946
452
963
470
522
522
741
455
478
1112
514
518
540
654
467
480
482
523
1110
940
1083
553
505
986
1104
908
627
730
678
494
556
561
662
647
697
539
1100
760
849
584
858
532
565
515
590
1009
1107
548
1029
798
887
506
805
593
701
729
739
644
585
586
533
542
965
551
581
620
666
779
1105
1111
593
596
672
1054
636
732
537
562
1118
685
515
567
801
1123
641
580
525
837
642
923
519
550
854
514
532
516
563
544
578
659
868
920
1014
1119
919
528
623
522
905
560
570
547
1022
596
806
564
615
780
883
633
539
579
708
577
809
654
684
558
560
1065
682
609
575
599
861
888
1091
893
912
564
619
605
610
856
681
703
568
595
568
573
853
575
594
782
870
576
605
643
926
1173
1172
655
682
597
629
580
820
578
591
578
582
688
600
630
600
612
731
573
574
691
729
944
631
658
645
1099
1028
582
651
618
656
591
611
972
692
573
595
749
759
624
640
650
983
957
653
744
705
783
827
649
746
594
838
609
855
626
649
635
637
710
768
745
778
762
823
1140
611
632
661
675
862
937
603
597
814
599
611
657
664
603
607
644
677
829
836
663
608
638
653
667
625
653
687
670
879
612
616
660
744
757
669
764
824
668
784
960
632
640
625
722
815
634
640
735
738
842
995
918
681
667
800
627
642
773
656
821
1115
663
737
1011
1094
634
643
676
794
667
750
641
643
674
666
698
700
702
704
678
726
1016
715
739
749
676
872
660
663
883
747
731
716
661
948
674
894
661
833
740
689
676
916
823
865
696
733
670
674
1002
730
777
721
724
923
931
949
696
831
920
759
764
782
1124
745
721
787
717
1046
700
704
779
843
711
716
881
705
734
950
697
727
785
894
1118
922
813
826
727
896
734
761
721
728
703
723
716
790
810
754
939
754
761
901
1018
838
1145
726
728
723
744
1058
718
726
828
763
930
1031
718
753
875
859
1017
884
1116
841
788
835
933
734
907
925
1123
741
967
775
1084
740
1006
830
1010
993
1030
746
769
820
1093
747
773
753
949
951
974
1126
822
979
851
1041
791
877
818
955
980
779
978
769
788
820
844
770
866
874
880
1045
766
1015
877
941
952
799
828
895
812
889
1132
1162
1179
788
1019
1023
800
840
872
801
929
791
845
790
886
984
886
866
1059
921
998
1029
904
915
835
905
831
828
1164
1165
817
936
807
849
906
928
890
890
845
885
856
1130
807
839
1066
1044
929
1092
871
937
885
918
907
942
974
1070
815
896
933
870
994
1133
1062
1060
913
1101
956
913
878
1117
1044
830
930
947
1069
947
847
1131
1144
957
1093
1096
1153
973
953
860
878
910
966
844
903
962
953
873
1080
895
849
1010
869
1111
1055
1023
1005
983
1006
1090
993
1077
895
872
902
916
977
1111
971
1000
1092
988
996
951
958
882
898
1150
980
1068
969
1045
1055
1099
1104
985
1107
966
975
1101
925
1016
1034
1011
1089
904
944
1025
969
891
1024
1005
1025
892
910
905
1034
1002
902
924
936
949
994
1073
1083
956
1069
903
1050
963
1060
998
1103
937
943
1124
1064
946
1004
1068
917
924
948
1106
1066
924
1039
1064
1048
976
1121
1115
987
1061
950
1091
1136
995
1012
968
1036
1007
1057
941
1061
1020
1074
966
961
1004
995
1030
1059
1039
1094
1074
1143
1021
1087
960
982
1135
1167
965
984
1052
1099
1104
967
972
1133
1057
988
1075
1063
978
1115
1148
985
1077
1018
1041
1085
1021
990
996
1071
1124
1097
1014
1082
1141
1039
1082
1048
1050
1057
1009
1024
1125
1004
1073
1142
1125
1132
1183
1079
1120
1037
1135
1168
1132
1027
1143
1082
1100
1079
1143
1122
1161
1150
1107
1032
1042
1102
1031
1037
1160
1063
1139
1158
1175
1042
1049
1114
1120
1040
1049
1053
1113
1180
1081
1176
1116
1185
1127
1067
1056
1070
1177
1142
1153
1071
1178
1138
1145
1109
1129
1068
1130
1151
1134
1084
1129
1131
1181
1141
1146
1150
1140
1100
1163
1122
1161
1134
1153
1157
1127
1152
1109
1130
1164
1162
1129
1137
1156
1146
1102
1159
1140
1112
1171
1113
1148
1139
1160
1114
1119
1119
1184
1145
1149
1133
1158
1174
1126
1152
1157
1166
1187
1139
1154
1149
1155
1156
1182
1162
1186
1159
1163
1155
1156
1164
1159
1161
1166
)


// ************************************************************************* //
