/*--------------------------------*- C++ -*----------------------------------*\
  =========                 |
  \\      /  F ield         | OpenFOAM: The Open Source CFD Toolbox
   \\    /   O peration     | Website:  https://openfoam.org
    \\  /    A nd           | Version:  7
     \\/     M anipulation  |
\*---------------------------------------------------------------------------*/
FoamFile
{
    version     2.0;
    format      ascii;
    class       vectorField;
    location    "constant/graphite/polyMesh";
    object      points;
}
// * * * * * * * * * * * * * * * * * * * * * * * * * * * * * * * * * * * * * //


1313
(
(0.0158653293789282 0.12190625 0.000554029510152203)
(0.0158653293789282 0.14730625 0.000554029510152203)
(0.0158653293789282 0.16635625 0.000554029510152203)
(0 0.16635625 0)
(0.0126922635031425 0.14730625 0.000443223608121762)
(0 0.14730625 0)
(0.0126922635031425 0.12190625 0.000443223608121762)
(0.0158653293789282 0.12190625 -0.000554029510152203)
(0.0158653293789282 0.14730625 -0.000554029510152203)
(0.0158653293789282 0.16635625 -0.000554029510152203)
(0.0126922635031425 0.12190625 -0.000443223608121762)
(0.0126922635031425 0.14730625 -0.000443223608121762)
(0.0158653293789282 0.122532358027815 0.000554029510152203)
(0.0158653293789282 0.123170988212885 0.000554029510152203)
(0.0158653293789282 0.123822391001482 0.000554029510152203)
(0.0158653293789282 0.124486821847344 0.000554029510152203)
(0.0158653293789282 0.125164541310833 0.000554029510152203)
(0.0158653293789282 0.125855815162037 0.000554029510152203)
(0.0158653293789282 0.126560914491808 0.000554029510152203)
(0.0158653293789282 0.127280115808415 0.000554029510152203)
(0.0158653293789282 0.12801370114908 0.000554029510152203)
(0.0158653293789282 0.128761958196625 0.000554029510152203)
(0.0158653293789282 0.129525180385037 0.000554029510152203)
(0.0158653293789282 0.130303667017199 0.000554029510152203)
(0.0158653293789282 0.131097723383485 0.000554029510152203)
(0.0158653293789282 0.131907660877606 0.000554029510152203)
(0.0158653293789282 0.132733797120703 0.000554029510152203)
(0.0158653293789282 0.133576456090774 0.000554029510152203)
(0.0158653293789282 0.13443596824184 0.000554029510152203)
(0.0158653293789282 0.135312670635544 0.000554029510152203)
(0.0158653293789282 0.136206907074494 0.000554029510152203)
(0.0158653293789282 0.13711902824062 0.000554029510152203)
(0.0158653293789282 0.138049391831814 0.000554029510152203)
(0.0158653293789282 0.138998362696152 0.000554029510152203)
(0.0158653293789282 0.139966312979406 0.000554029510152203)
(0.0158653293789282 0.140953622267091 0.000554029510152203)
(0.0158653293789282 0.141960677739568 0.000554029510152203)
(0.0158653293789282 0.142987874322386 0.000554029510152203)
(0.0158653293789282 0.144035614834659 0.000554029510152203)
(0.0158653293789282 0.145104310155127 0.000554029510152203)
(0.0158653293789282 0.146194379383392 0.000554029510152203)
(0.0158653293789282 0.148448441646598 0.000554029510152203)
(0.0158653293789282 0.14956823737958 0.000554029510152203)
(0.0158653293789282 0.15066607633334 0.000554029510152203)
(0.0158653293789282 0.151742389032753 0.000554029510152203)
(0.0158653293789282 0.152797597559584 0.000554029510152203)
(0.0158653293789282 0.153832115723204 0.000554029510152203)
(0.0158653293789282 0.154846349219257 0.000554029510152203)
(0.0158653293789282 0.155840695784947 0.000554029510152203)
(0.0158653293789282 0.156815545359317 0.000554029510152203)
(0.0158653293789282 0.1577712802371 0.000554029510152203)
(0.0158653293789282 0.158708275214171 0.000554029510152203)
(0.0158653293789282 0.159626897738024 0.000554029510152203)
(0.0158653293789282 0.160527508055539 0.000554029510152203)
(0.0158653293789282 0.161410459349212 0.000554029510152203)
(0.0158653293789282 0.162276097873783 0.000554029510152203)
(0.0158653293789282 0.163124763092858 0.000554029510152203)
(0.0158653293789282 0.163956787815975 0.000554029510152203)
(0.0158653293789282 0.164772498330174 0.000554029510152203)
(0.0158653293789282 0.165572214521032 0.000554029510152203)
(0.0149839221912105 0.16635625 0.000523250092921546)
(0.0141025150034922 0.16635625 0.000492470675690865)
(0.0132211078157761 0.16635625 0.00046169125846026)
(0.0123397006280623 0.16635625 0.000430911841229739)
(0.011458293440348 0.16635625 0.000400132423999197)
(0.0105768862526321 0.16635625 0.0003693530067686)
(0.00969547906491619 0.16635625 0.000338573589538004)
(0.00881407187720029 0.16635625 0.000307794172307408)
(0.00793266468948507 0.16635625 0.000277014755076835)
(0.00705125750176677 0.16635625 0.000246235337846154)
(0.00616985031404846 0.16635625 0.000215455920615474)
(0.00528844312632755 0.16635625 0.000184676503384702)
(0.00440703593860443 0.16635625 0.000153897086153854)
(0.00352562875088132 0.16635625 0.000123117668923005)
(0.0026442215631582 0.16635625 9.23382516921562e-05)
(0.00176281437543729 0.16635625 6.15588344613848e-05)
(0.000881407187718987 0.16635625 3.07794172307043e-05)
(0.0131082636938846 0.12190625 0.00045775065489119)
(0.0134985077759366 0.12190625 0.000471378278526046)
(0.0138645904040712 0.12190625 0.000484162165598069)
(0.0142080075029152 0.12190625 0.000496154554946325)
(0.0145301623798906 0.12190625 0.000507404451145823)
(0.0148323714582962 0.12190625 0.00051795782471114)
(0.0151158696559451 0.12190625 0.000527857799922562)
(0.015381815432489 0.12190625 0.000537144831082556)
(0.0156312955233997 0.12190625 0.000545856867830031)
(0 0.165403749999985 0)
(0 0.16445124999997 0)
(0 0.163498749999955 0)
(0 0.162546249999939 0)
(0 0.161593749999924 0)
(0 0.160641249999909 0)
(0 0.159688749999894 0)
(0 0.158736249999886 0)
(0 0.15778374999994 0)
(0 0.156831249999995 0)
(0 0.155878750000049 0)
(0 0.154926250000103 0)
(0 0.153973750000106 0)
(0 0.153021250000091 0)
(0 0.152068750000076 0)
(0 0.151116250000061 0)
(0 0.150163750000046 0)
(0 0.14921125000003 0)
(0 0.148258750000015 0)
(0.0117159355413646 0.14730625 0.000409129484420168)
(0.0107396075795871 0.14730625 0.000375035360718586)
(0.00976327961780965 0.14730625 0.00034094123701701)
(0.00878695165603227 0.14730625 0.000306847113315434)
(0.00781062369425463 0.14730625 0.000272752989613849)
(0.00683429573247712 0.14730625 0.000238658865912269)
(0.0058579677706971 0.14730625 0.000204564742210601)
(0.00488163980891409 0.14730625 0.000170470618508828)
(0.00390531184713083 0.14730625 0.000136376494807047)
(0.00292898388534845 0.14730625 0.000102282371105297)
(0.00195265592356609 0.14730625 6.8188247403547e-05)
(0.000976327961782819 0.14730625 3.40941237017657e-05)
(0.0126922635031425 0.12235603302579 0.000443223608121762)
(0.0126922635031425 0.122821745584913 0.000443223608121762)
(0.0126922635031425 0.123303951752998 0.000443223608121762)
(0.0126922635031425 0.12380323573184 0.000443223608121762)
(0.0126922635031425 0.124320202381834 0.000443223608121762)
(0.0126922635031425 0.124855477852119 0.000443223608121762)
(0.0126922635031425 0.12540971063625 0.000443223608121762)
(0.0126922635031425 0.125983572136177 0.000443223608121762)
(0.0126922635031425 0.126577757578246 0.000443223608121762)
(0.0126922635031425 0.127192986579242 0.000443223608121762)
(0.0126922635031425 0.127830004612123 0.000443223608121762)
(0.0126922635031425 0.128489583382476 0.000443223608121762)
(0.0126922635031425 0.129172521550325 0.000443223608121762)
(0.0126922635031425 0.12987964668303 0.000443223608121762)
(0.0126922635031425 0.130611815326038 0.000443223608121762)
(0.0126922635031425 0.131369914465139 0.000443223608121762)
(0.0126922635031425 0.132154862553352 0.000443223608121762)
(0.0126922635031425 0.132967610224206 0.000443223608121762)
(0.0126922635031425 0.13380914222817 0.000443223608121762)
(0.0126922635031425 0.134680477700038 0.000443223608121762)
(0.0126922635031425 0.135582672713194 0.000443223608121762)
(0.0126922635031425 0.136516819568428 0.000443223608121762)
(0.0126922635031425 0.137483995562324 0.000443223608121762)
(0.0126922635031425 0.138466221006075 0.000443223608121762)
(0.0126922635031425 0.139448446449846 0.000443223608121762)
(0.0126922635031425 0.140430671893614 0.000443223608121762)
(0.0126922635031425 0.141412897337383 0.000443223608121762)
(0.0126922635031425 0.142395122781154 0.000443223608121762)
(0.0126922635031425 0.143377348224921 0.000443223608121762)
(0.0126922635031425 0.144359573668692 0.000443223608121762)
(0.0126922635031425 0.145341799112463 0.000443223608121762)
(0.0126922635031425 0.146324024556229 0.000443223608121762)
(0.0158653293789282 0.122532358027815 -0.000554029510152203)
(0.0158653293789282 0.123170988212885 -0.000554029510152203)
(0.0158653293789282 0.123822391001482 -0.000554029510152203)
(0.0158653293789282 0.124486821847344 -0.000554029510152203)
(0.0158653293789282 0.125164541310833 -0.000554029510152203)
(0.0158653293789282 0.125855815162037 -0.000554029510152203)
(0.0158653293789282 0.126560914491808 -0.000554029510152203)
(0.0158653293789282 0.127280115808415 -0.000554029510152203)
(0.0158653293789282 0.12801370114908 -0.000554029510152203)
(0.0158653293789282 0.128761958196625 -0.000554029510152203)
(0.0158653293789282 0.129525180385037 -0.000554029510152203)
(0.0158653293789282 0.130303667017199 -0.000554029510152203)
(0.0158653293789282 0.131097723383485 -0.000554029510152203)
(0.0158653293789282 0.131907660877606 -0.000554029510152203)
(0.0158653293789282 0.132733797120703 -0.000554029510152203)
(0.0158653293789282 0.133576456090774 -0.000554029510152203)
(0.0158653293789282 0.13443596824184 -0.000554029510152203)
(0.0158653293789282 0.135312670635544 -0.000554029510152203)
(0.0158653293789282 0.136206907074494 -0.000554029510152203)
(0.0158653293789282 0.13711902824062 -0.000554029510152203)
(0.0158653293789282 0.138049391831814 -0.000554029510152203)
(0.0158653293789282 0.138998362696152 -0.000554029510152203)
(0.0158653293789282 0.139966312979406 -0.000554029510152203)
(0.0158653293789282 0.140953622267091 -0.000554029510152203)
(0.0158653293789282 0.141960677739568 -0.000554029510152203)
(0.0158653293789282 0.142987874322386 -0.000554029510152203)
(0.0158653293789282 0.144035614834659 -0.000554029510152203)
(0.0158653293789282 0.145104310155127 -0.000554029510152203)
(0.0158653293789282 0.146194379383392 -0.000554029510152203)
(0.0158653293789282 0.148448441646598 -0.000554029510152203)
(0.0158653293789282 0.14956823737958 -0.000554029510152203)
(0.0158653293789282 0.15066607633334 -0.000554029510152203)
(0.0158653293789282 0.151742389032753 -0.000554029510152203)
(0.0158653293789282 0.152797597559584 -0.000554029510152203)
(0.0158653293789282 0.153832115723204 -0.000554029510152203)
(0.0158653293789282 0.154846349219257 -0.000554029510152203)
(0.0158653293789282 0.155840695784947 -0.000554029510152203)
(0.0158653293789282 0.156815545359317 -0.000554029510152203)
(0.0158653293789282 0.1577712802371 -0.000554029510152203)
(0.0158653293789282 0.158708275214171 -0.000554029510152203)
(0.0158653293789282 0.159626897738024 -0.000554029510152203)
(0.0158653293789282 0.160527508055539 -0.000554029510152203)
(0.0158653293789282 0.161410459349212 -0.000554029510152203)
(0.0158653293789282 0.162276097873783 -0.000554029510152203)
(0.0158653293789282 0.163124763092858 -0.000554029510152203)
(0.0158653293789282 0.163956787815975 -0.000554029510152203)
(0.0158653293789282 0.164772498330174 -0.000554029510152203)
(0.0158653293789282 0.165572214521032 -0.000554029510152203)
(0.0149839221912105 0.16635625 -0.000523250092921546)
(0.0141025150034922 0.16635625 -0.000492470675690866)
(0.0132211078157761 0.16635625 -0.00046169125846026)
(0.0123397006280623 0.16635625 -0.00043091184122974)
(0.011458293440348 0.16635625 -0.000400132423999197)
(0.0105768862526321 0.16635625 -0.0003693530067686)
(0.00969547906491618 0.16635625 -0.000338573589538004)
(0.00881407187720029 0.16635625 -0.000307794172307408)
(0.00793266468948507 0.16635625 -0.000277014755076835)
(0.00705125750176677 0.16635625 -0.000246235337846154)
(0.00616985031404846 0.16635625 -0.000215455920615474)
(0.00528844312632755 0.16635625 -0.000184676503384702)
(0.00440703593860443 0.16635625 -0.000153897086153854)
(0.00352562875088132 0.16635625 -0.000123117668923005)
(0.0026442215631582 0.16635625 -9.23382516921563e-05)
(0.00176281437543729 0.16635625 -6.15588344613849e-05)
(0.000881407187718987 0.16635625 -3.07794172307044e-05)
(0.0131082636938846 0.12190625 -0.000457750654891191)
(0.0134985077759366 0.12190625 -0.000471378278526047)
(0.0138645904040712 0.12190625 -0.000484162165598069)
(0.0142080075029152 0.12190625 -0.000496154554946326)
(0.0145301623798906 0.12190625 -0.000507404451145823)
(0.0148323714582962 0.12190625 -0.00051795782471114)
(0.0151158696559451 0.12190625 -0.000527857799922562)
(0.015381815432489 0.12190625 -0.000537144831082556)
(0.0156312955233997 0.12190625 -0.000545856867830031)
(0.0126922635031425 0.146324024556229 -0.000443223608121762)
(0.0126922635031425 0.145341799112463 -0.000443223608121762)
(0.0126922635031425 0.144359573668692 -0.000443223608121762)
(0.0126922635031425 0.143377348224921 -0.000443223608121762)
(0.0126922635031425 0.142395122781154 -0.000443223608121762)
(0.0126922635031425 0.141412897337383 -0.000443223608121762)
(0.0126922635031425 0.140430671893614 -0.000443223608121762)
(0.0126922635031425 0.139448446449846 -0.000443223608121762)
(0.0126922635031425 0.138466221006075 -0.000443223608121762)
(0.0126922635031425 0.137483995562324 -0.000443223608121762)
(0.0126922635031425 0.136516819568428 -0.000443223608121762)
(0.0126922635031425 0.135582672713194 -0.000443223608121762)
(0.0126922635031425 0.134680477700038 -0.000443223608121762)
(0.0126922635031425 0.13380914222817 -0.000443223608121762)
(0.0126922635031425 0.132967610224206 -0.000443223608121762)
(0.0126922635031425 0.132154862553352 -0.000443223608121762)
(0.0126922635031425 0.131369914465139 -0.000443223608121762)
(0.0126922635031425 0.130611815326038 -0.000443223608121762)
(0.0126922635031425 0.12987964668303 -0.000443223608121762)
(0.0126922635031425 0.129172521550325 -0.000443223608121762)
(0.0126922635031425 0.128489583382476 -0.000443223608121762)
(0.0126922635031425 0.127830004612123 -0.000443223608121762)
(0.0126922635031425 0.127192986579242 -0.000443223608121762)
(0.0126922635031425 0.126577757578246 -0.000443223608121762)
(0.0126922635031425 0.125983572136177 -0.000443223608121762)
(0.0126922635031425 0.12540971063625 -0.000443223608121762)
(0.0126922635031425 0.124855477852119 -0.000443223608121762)
(0.0126922635031425 0.124320202381834 -0.000443223608121762)
(0.0126922635031425 0.12380323573184 -0.000443223608121762)
(0.0126922635031425 0.123303951752998 -0.000443223608121762)
(0.0126922635031425 0.122821745584913 -0.000443223608121762)
(0.0126922635031425 0.12235603302579 -0.000443223608121762)
(0.000976327961782819 0.14730625 -3.40941237017657e-05)
(0.00195265592356609 0.14730625 -6.81882474035471e-05)
(0.00292898388534845 0.14730625 -0.000102282371105297)
(0.00390531184713083 0.14730625 -0.000136376494807047)
(0.00488163980891409 0.14730625 -0.000170470618508828)
(0.0058579677706971 0.14730625 -0.000204564742210601)
(0.00683429573247711 0.14730625 -0.000238658865912269)
(0.00781062369425463 0.14730625 -0.000272752989613849)
(0.00878695165603226 0.14730625 -0.000306847113315434)
(0.00976327961780965 0.14730625 -0.00034094123701701)
(0.0107396075795871 0.14730625 -0.000375035360718586)
(0.0117159355413646 0.14730625 -0.000409129484420169)
(0.0151104396002873 0.158234491094187 0.00052766817820061)
(0.00753675919770858 0.165507664877857 0.000263189430657991)
(0.000824782343555998 0.155402578397767 2.88020341001825e-05)
(0.00829054161935092 0.14807029567759 0.000289512092851095)
(0.000829969222931015 0.159272866086638 2.89831639192189e-05)
(0.0149313909533676 0.154341868139429 0.000521415661673717)
(0.011030727694066 0.165650421519033 0.000385201499130715)
(0.000754513512159303 0.152605376460274 2.6348192436524e-05)
(0.0151525026353124 0.160973699193806 0.000529137051750843)
(0.00484773953246599 0.165592463706381 0.000169286794769278)
(0.00542031176595979 0.148098462275696 0.00018928145775249)
(0.0111272584845473 0.148203855863496 0.000388572428613972)
(0.000871223475775468 0.162110453472082 3.04237941733544e-05)
(0.0143747225221714 0.122197933699976 0.00050197637170458)
(0.0151928150829306 0.163521620341323 0.000530544793441767)
(0.0150069637686128 0.151184025180666 0.000524054722534738)
(0.0130530290044882 0.123522214418372 0.00045582181703483)
(0.0131959906402048 0.124618572310595 0.000460814147361851)
(0.0131489914169086 0.125663564563178 0.000459172898318835)
(0.0150298710379393 0.156328120572133 0.000524854662006574)
(0.00337559652534598 0.148094211255837 0.000117878428158751)
(0.000824012915359005 0.157310171815921 2.87751650754748e-05)
(0.00075381296301235 0.150694939936577 2.63237287212456e-05)
(0.0127804042219192 0.165592463706388 0.000446301549845)
(0.00922524959877804 0.165469862699545 0.000322152814742766)
(0.00313318824705252 0.165664398233123 0.000109413344549574)
(0.014971872568717 0.122175537558235 0.000522829310831986)
(0.0131958682460567 0.126836410179845 0.000460809873264019)
(0.0153073520025169 0.123524784307688 0.000534544510808934)
(0.0132533643723396 0.1281597939973 0.000462817682236613)
(0.0136808757620235 0.122208969716609 0.000477746708930862)
(0.0133049631916908 0.129511408309907 0.000464619552713224)
(0.0152876323503614 0.124837472868032 0.000533855885381556)
(0.015264828985333 0.126186027230837 0.000533059574327762)
(0.000778818413695032 0.163970869167781 2.71969383005728e-05)
(0.0133371752797198 0.130990864895589 0.000465744423614133)
(0.0151949557433974 0.132266962217246 0.00053061954695249)
(0.0152350877942517 0.127619321772434 0.000532020989049603)
(0.0150299353464832 0.148964743059056 0.000524856907710413)
(0.0150141801169795 0.133962722656922 0.000524306722972624)
(0.0149723972178423 0.135823359139747 0.000522847631983157)
(0.0152161570841777 0.129138081335677 0.000531359914086793)
(0.0151130601000289 0.137715512242476 0.000527759688068039)
(0.015184813091152 0.130700695200342 0.000530265357731391)
(0.0150742273323064 0.1395205357736 0.000526403617937674)
(0.013531642363473 0.140935625531952 0.000472535363819609)
(0.0135191814811936 0.142933608085458 0.000472100220221867)
(0.0135395468207512 0.146824494955494 0.00047281139355018)
(0.0134498749676389 0.144760204974391 0.000469679983437745)
(0.0134061357859704 0.133394415127974 0.000468152577556944)
(0.0145233070496256 0.165589133832591 0.000507165057737851)
(0.00145259429533 0.148243981389914 5.07257105522465e-05)
(0.0136030726482727 0.135182773549339 0.000475029764329828)
(0.00138544396380984 0.165507298842118 4.83807693039368e-05)
(0.0135414659883671 0.147794554712456 0.00047287841236011)
(0.0134953030422575 0.137007578918027 0.000471266366759957)
(0.0127158380568767 0.148344195097589 0.000444046849678585)
(0.0130884432308416 0.12258888930535 0.000457058509070044)
(0.0135958429147251 0.13906633361092 0.000474777296471126)
(0.0150315233310313 0.141464649021415 0.000524912361352771)
(0.0150382274384979 0.145685089053778 0.000525146473944263)
(0.0150200048565647 0.143526205477604 0.000524510127361029)
(0.0135274387870221 0.148837280731848 0.000472388571695325)
(0.012684642982501 0.149306318048281 0.000442957493677034)
(0.0135131499704259 0.149905854580047 0.000471889595224662)
(0.0126692966296668 0.15031085168068 0.000442421587227169)
(0.0118224683403249 0.149805038364741 0.000412849691735972)
(0.0118096273084025 0.150785171312523 0.000412401273020172)
(0.0109593154035967 0.150285864648318 0.000382707726996359)
(0.010952189228258 0.151267862787845 0.00038245887547)
(0.010118765478291 0.150785614923548 0.000353355076808456)
(0.0101008630910723 0.151755027329564 0.000352729911671038)
(0.00931036240947808 0.1512807721356 0.000325125019586017)
(0.00927322703960233 0.152252933000419 0.000323828223894595)
(0.0100919677784757 0.152732049407101 0.000352419280510297)
(0.00924146974684515 0.153205793645805 0.00032271923479454)
(0.00844542189677784 0.152727223177926 0.000294920631317938)
(0.00840530200968349 0.153694339615095 0.000293519613988681)
(0.00923563254660324 0.154186753878071 0.000322515395270415)
(0.00839355875651474 0.154664019887343 0.000293109530551692)
(0.00921648931952336 0.155165549841123 0.00032184689905023)
(0.0083875850011951 0.15562820131252 0.000292900922419175)
(0.00921204321324387 0.156114779348632 0.000321691637597708)
(0.0083864382874146 0.156583006823667 0.000292860878291573)
(0.00920328339080191 0.157064902140965 0.000321385737857424)
(0.00838230092902495 0.15753194858445 0.000292716398552943)
(0.00919588883852254 0.158008385447881 0.000321127514401781)
(0.00838007363251559 0.158471668941063 0.00029263861964495)
(0.00918633055758424 0.158944855115454 0.000320793731876397)
(0.00837645260738136 0.159405872221634 0.000292512170660914)
(0.0075790195182226 0.158000923684312 0.000264665193569308)
(0.0075575834659092 0.15417655390381 0.000263916630127659)
(0.00917732766594956 0.159877122345177 0.000320479343972864)
(0.00837123907683278 0.160333839634753 0.000292330110162388)
(0.00998531877761973 0.159420424104987 0.000348695015334879)
(0.00997573590568082 0.160345215424141 0.000348360374072831)
(0.0100184176275143 0.155673886536255 0.000349850852642491)
(0.01077878390121 0.159892665370333 0.000376403428015518)
(0.010769845181734 0.160811770548156 0.000376091281053142)
(0.00997178062855825 0.161264193561546 0.000348222252752158)
(0.0107605933975518 0.161726124724931 0.00037576820163033)
(0.0100099187453591 0.157551656107063 0.000349554065137809)
(0.00755998405089959 0.156103710958052 0.000264000460402754)
(0.00757107307804688 0.159866529805701 0.000264387697763652)
(0.00756699024596999 0.160791638976346 0.000264245122125822)
(0.00676840349346856 0.160326883741188 0.000236357858222556)
(0.00677526198554021 0.161254144327119 0.000236597362043251)
(0.00596868764290168 0.160785951065358 0.000208431165346013)
(0.00600823587743489 0.161715714188567 0.000209812220127952)
(0.00518734996173047 0.16125105516806 0.000181146252286616)
(0.00517211981775458 0.160319027643241 0.000180614403939508)
(0.00759373464820909 0.161715214347778 0.000265179057231608)
(0.0117613625068899 0.151766952350097 0.000410715829011987)
(0.00436399543041501 0.16077824320064 0.000152394078488563)
(0.00436663096893963 0.159848218440819 0.000152486113521868)
(0.00440282516642372 0.161708039929909 0.000153750042749149)
(0.0115675884201614 0.160360322651589 0.000403949088795866)
(0.0115799762666241 0.159444247589467 0.000404381681926688)
(0.00996951914228286 0.162176965372951 0.000348143279911226)
(0.0107526416458401 0.162637336399684 0.000375490520341749)
(0.0115397861361732 0.16219092951261 0.000402978211645372)
(0.0123665116122086 0.159911144393929 0.000431848101426958)
(0.0123785260724109 0.158995213985898 0.000432267655622249)
(0.00355662192417594 0.160312061417143 0.000124199974383444)
(0.00356033632378272 0.159377153717918 0.000124329684075913)
(0.00437232313690437 0.158912899110672 0.000152684888407273)
(0.00356340922994927 0.158439661095634 0.000124436992323825)
(0.00437881559722972 0.157973961604147 0.000152911610117729)
(0.00356585424144531 0.157497968553287 0.000124522374006683)
(0.00438560278470973 0.157030282821053 0.000153148623927216)
(0.00356922846440881 0.156552677411714 0.000124640204469005)
(0.00439246247643447 0.156082733635438 0.00015338816964072)
(0.00357243040789434 0.155602695085633 0.000124752018799389)
(0.00439916685452326 0.15513117876877 0.000153622291682544)
(0.00357641949417572 0.154649809389077 0.000124891320761903)
(0.0044059863237185 0.154176339937627 0.000153860432794367)
(0.00357991106346806 0.153692913646937 0.000125013249048325)
(0.00441267163477085 0.153218961660772 0.000154093889000606)
(0.00358401703427012 0.152734080773739 0.000125156632708244)
(0.00441939331407615 0.152259185431785 0.000154328615214224)
(0.00358906405380982 0.151773573366076 0.00012533287851421)
(0.00442493917504852 0.151296936362723 0.000154522280946874)
(0.0052567747674018 0.151783829811826 0.000183570619922474)
(0.0115302505081355 0.163091700556748 0.000402645220176708)
(0.012311284648949 0.162652383731293 0.00042991953337324)
(0.00996378370289427 0.163083770407767 0.000347942993954403)
(0.0052624816321779 0.150818552991226 0.000183769908031841)
(0.00609679949952961 0.151307006914638 0.000212904929960476)
(0.00359400781290303 0.150811172877218 0.000125505518385927)
(0.00610253972466367 0.150337959040535 0.000213105383039214)
(0.0131325887126364 0.159485522449761 0.000458600103263902)
(0.00518459050675314 0.15844970056959 0.00018104988999543)
(0.00277598622491928 0.154122859253151 9.69395750726733e-05)
(0.0131387699480702 0.160389019104768 0.00045881595676166)
(0.0101404341459779 0.149842011250922 0.000354111763357943)
(0.00519355837733306 0.15657268508621 0.000181363054936783)
(0.00522024966132637 0.154660357124254 0.000182295135112552)
(0.00608872863137314 0.152274310235146 0.000212623089033986)
(0.0132924318895537 0.158568725209523 0.000464181949999862)
(0.0124103531286731 0.158072752277591 0.000433379080917584)
(0.013193786664605 0.157612372844151 0.000460737182837966)
(0.0123994690832566 0.157132845841379 0.000432999001676456)
(0.00693907001881491 0.150828436760491 0.000242317664614133)
(0.0123027264455462 0.16354346024088 0.000429620674324946)
(0.0130734621947938 0.163106588019126 0.000456535359763473)
(0.013220105078675 0.156669075816983 0.000461656242109094)
(0.0123977297116658 0.156184496327997 0.000432938261482073)
(0.0132363146934885 0.155716972545048 0.000462222294331545)
(0.0124036861231986 0.155227163787067 0.000433146263956208)
(0.00694507205232123 0.149856963199033 0.000242527260242689)
(0.00281603968183447 0.157983049912954 9.83382726089562e-05)
(0.00274887567431277 0.159841768059174 9.5992853784149e-05)
(0.00274562677789137 0.16077892011375 9.58793998211147e-05)
(0.00283933254847279 0.156042839462972 9.91516774356348e-05)
(0.0130833054495652 0.162222186030272 0.000456879093794392)
(0.00275909685472838 0.151289180606958 9.63497852693758e-05)
(0.00276279162126725 0.150325978304174 9.64788093600056e-05)
(0.00918360420184303 0.162626786333384 0.000320698525436006)
(0.00918234231284045 0.163534104441202 0.000320654459301023)
(0.00996826837654152 0.163989134992715 0.000348099602209085)
(0.00840001046144375 0.163076826075164 0.000293334829052346)
(0.0132405398275495 0.154758562096709 0.00046236983926416)
(0.0124172871077455 0.15427433613042 0.000433621220802431)
(0.0132578857914487 0.153867538630051 0.000462975573671098)
(0.00677317094008393 0.159401511568665 0.000236524341126875)
(0.00839926873596517 0.16398167649587 0.000293308927427883)
(0.00761842475384767 0.163525043544245 0.000266041254719339)
(0.0130676174381853 0.163981286116225 0.000456331256365213)
(0.0115791294890938 0.156654892790909 0.000404352111803745)
(0.0115875166047101 0.154740256547508 0.000404644996334879)
(0.0116468763110568 0.153755720764069 0.000406717882957313)
(0.0138325307037922 0.162659865793861 0.000483042616194651)
(0.0115220587061424 0.163980902795574 0.000402359156147583)
(0.00360798046109294 0.149865302668669 0.000125993454012556)
(0.0140017309166257 0.159980240389002 0.000488951217824962)
(0.00777353593124074 0.150330562727895 0.000271457856390676)
(0.00525616356109188 0.149871363783629 0.000183549276127814)
(0.00194688220532523 0.160327219266237 6.79866247197477e-05)
(0.0138511385447507 0.161798435141381 0.000483692416319501)
(0.00280669503666361 0.149434745716152 9.80119504089624e-05)
(0.00773472497886645 0.151282448492592 0.000270102548069059)
(0.0135376354354605 0.150798303900124 0.000472744646505033)
(0.0108370114184745 0.154213583065014 0.000378436777723987)
(0.00195991904548929 0.161207717886501 6.84418812100177e-05)
(0.00277538188132676 0.161703427371354 9.69184709293851e-05)
(0.00203604034986191 0.149839407471718 7.11000957334253e-05)
(0.0145433749158199 0.162253199560734 0.000507865843067414)
(0.0141518117246179 0.157119796961618 0.000494192155125996)
(0.014088937375991 0.155152512759753 0.00049199653449065)
(0.0143645922862379 0.147305699154698 0.000501622616070652)
(0.00780780977816515 0.149422154355222 0.000272654725498719)
(0.00687619067837873 0.148883988166941 0.000240121869660968)
(0.00862969638587323 0.149867577278947 0.000301355638274848)
(0.00760213449162343 0.164466280866402 0.000265472386227247)
(0.00683677608042958 0.163971608157428 0.000238745481571376)
(0.00683659753309331 0.163074721724939 0.000238739246561003)
(0.0060562446802783 0.163518554081985 0.000211488724465622)
(0.00605167900453389 0.164426667060673 0.000211329287555377)
(0.00527640665244569 0.163965337827945 0.00018425618045478)
(0.00527111000857475 0.163070775743102 0.000184071217575083)
(0.00449069632596094 0.163516680972601 0.00015681857125632)
(0.00447401308361042 0.164378288849476 0.000156235979595823)
(0.00370260257517527 0.163964238166174 0.000129297731047247)
(0.00369713318411693 0.163064737414588 0.000129106735702839)
(0.00290736208665441 0.163527845196079 0.000101527321257105)
(0.00288779899536923 0.164382014478598 0.00010084416305579)
(0.0021267784627876 0.163980294489567 7.42687404590194e-05)
(0.00211930197887177 0.16306041171311 7.40076558875859e-05)
(0.0155638532435446 0.122130407773601 0.000543501731521211)
(0.00838903962960138 0.164877710291342 0.000292951719162446)
(0.00183044769937159 0.159367812951917 6.39206421764554e-05)
(0.00124518581878787 0.160729566357777 4.34828469522845e-05)
(0.00213326084283987 0.164875857436808 7.44951101585826e-05)
(0.0150296931128993 0.150090265057362 0.000524848448727265)
(0.0153059236624575 0.124169539941907 0.000534494632074965)
(0.0147882755386307 0.123841165945092 0.000516417961264973)
(0.0147856256469701 0.123259455237954 0.000516325425009116)
(0.0143078506852918 0.123540641623292 0.00049964115570342)
(0.0142745904148065 0.124115431216667 0.000498479681464568)
(0.0143073897999066 0.123025182412093 0.000499625061231122)
(0.0138830466815198 0.12325893392738 0.000484806673008526)
(0.0147283537888276 0.122743817615694 0.000514325447652559)
(0.0138851586093251 0.122816923740792 0.0004848804231526)
(0.0134903149575972 0.122943171490431 0.000471092179005326)
(0.0152936936234659 0.122882740951434 0.000534067549702465)
(0.0150377652313181 0.144584950634201 0.000525130333313877)
(0.00678919318497085 0.164896846975141 0.000237083850247311)
(0.00608117800635473 0.165322378562916 0.000212359415398199)
(0.0138670012010299 0.160921549267073 0.000484246352482953)
(0.013098594657398 0.161340669196112 0.000457413004696834)
(0.0149813344100494 0.152251616129227 0.000523159725612122)
(0.0140797346705439 0.151677773293818 0.000491675168935031)
(0.0141062935525577 0.152668040367541 0.000492602625531794)
(0.013218914382808 0.152235954704799 0.000461614662093188)
(0.0152797098607722 0.125501042435612 0.000533579225948812)
(0.0146969297987356 0.12514699354042 0.000513228097738045)
(0.0146841928087791 0.125804384786018 0.000512783312247754)
(0.0146626364745707 0.126479147896512 0.000512030548469777)
(0.0141027087397231 0.126106717741064 0.000492477441109125)
(0.0140625251827493 0.126753046090384 0.000491074200378685)
(0.0146388111515532 0.127193999386669 0.000511198549856614)
(0.0140053393999338 0.12740982115981 0.00048907722883878)
(0.0147392803422471 0.124513819921289 0.000514707011305858)
(0.0141828145569861 0.124771968033667 0.000495274797888715)
(0.0137264120063097 0.124390700158077 0.000479336869621099)
(0.0138340473011996 0.123800210067898 0.000483095576943127)
(0.0136235311612501 0.124946871517821 0.000475744191345656)
(0.0140266446039794 0.12539372505374 0.000489821222958231)
(0.013243348418321 0.123983698356663 0.000462467917415091)
(0.00839527903373011 0.162170062406842 0.000293169603955792)
(0.0134011226765222 0.13257293561897 0.000467977515917465)
(0.0141147140926957 0.132978323211926 0.00049289667727295)
(0.0140522065354665 0.132162995961017 0.000490713865275458)
(0.0141194793434697 0.133801052718533 0.0004930630834968)
(0.0152185722179907 0.12839117475745 0.000531444252417968)
(0.0145884419280148 0.128743604923011 0.000509439617811954)
(0.014564011685248 0.129501138963296 0.000508586494935666)
(0.0144842490092126 0.127942900618246 0.000505801120911787)
(0.0139800178674343 0.128363087574821 0.000488192981439189)
(0.0139387756772199 0.129136782105837 0.000486752772421376)
(0.0134890513834795 0.136120299633739 0.000471048054024829)
(0.0143121202412414 0.136529082028481 0.000499790251882567)
(0.0150414521297689 0.142481286250593 0.000525259082644817)
(0.0141439594299864 0.141952555585549 0.000493917946955186)
(0.0152553371939275 0.126886587764446 0.000532728113668027)
(0.015194045474937 0.131461824445237 0.000530587759677406)
(0.0145399333089858 0.131022166378398 0.000507745659508477)
(0.014541163101307 0.130274579276641 0.000507788604802649)
(0.013520749268325 0.137989385547749 0.000472154968554894)
(0.0143537435570643 0.138396917248105 0.000501243770099901)
(0.0150968133914859 0.159121530974623 0.00052719234050401)
(0.0142963968256 0.158629934321289 0.000499241178109332)
(0.0138058067644745 0.163526489726928 0.000482109395669827)
(0.013814548157293 0.164353798763193 0.000482414651833479)
(0.0149947225876521 0.153234222107604 0.000523627251076103)
(0.0151821688393103 0.133083342526337 0.000530173018422351)
(0.0136070237510831 0.165624970678503 0.00047516773988031)
(0.0133441248055701 0.131767388412649 0.000465987106404426)
(0.000767597101147564 0.163061591545079 2.68050814317078e-05)
(0.0150499175868895 0.15729897114945 0.000525554702921568)
(0.0107486934733391 0.1635368478297 0.000375352647119926)
(0.0107210098022089 0.164385154911489 0.000374385912021704)
(0.00997478340226679 0.164842241577016 0.00034832711192067)
(0.00918982534266556 0.164449121749615 0.000320915772460645)
(0.0152061339532902 0.129907223696365 0.000531009898643484)
(0.0151031218681778 0.134875371536532 0.000527412637364411)
(0.0143761530549362 0.13528106134844 0.000502026327009511)
(0.0151867554315139 0.16436375885284 0.000530333185751445)
(0.00917334594487726 0.160800150892648 0.000320340299209118)
(0.0115509861138604 0.161279711486114 0.000403369323484498)
(0.0133105543287946 0.122228370277057 0.00046481479952322)
(0.0135550407225101 0.122541619369147 0.00047335245252203)
(0.0133080805119913 0.130243810336152 0.000464728411936869)
(0.0123401713745828 0.160840608050122 0.000430928280060468)
(0.0150618686925877 0.140469384245495 0.000525972044728828)
(0.0141819016850983 0.13997364481475 0.000495242919699945)
(0.0123042073014704 0.164376491677881 0.000429672386953328)
(0.0100109244053615 0.156618475707502 0.00034958918355894)
(0.0133102746858283 0.128805529486778 0.000464805034175654)
(0.000772379587661801 0.158270999794783 2.69720895408689e-05)
(0.0014742216974473 0.157864770275422 5.14809560762904e-05)
(0.00170213232038416 0.15689788986821 5.94397704045889e-05)
(0.00243153581658881 0.148090686452894 8.49111017620265e-05)
(0.00999824216946398 0.158486808693578 0.000349146310122523)
(0.0108112522468866 0.158033664063117 0.000377537247630668)
(0.000833425916763642 0.156366155520836 2.91038743277517e-05)
(0.00156737957131756 0.155924910721499 5.4734100716055e-05)
(0.00165966273814337 0.154978163980084 5.79566999127474e-05)
(0.00441136155901956 0.148308419987199 0.000154048140147279)
(0.0126749259542521 0.151354128893939 0.000442618167573409)
(0.0119094053815318 0.165648172005714 0.000415885600112252)
(0.0133196705008803 0.127479780710139 0.000465133143267273)
(0.00761787129997259 0.153191414363178 0.000266021927684143)
(0.00677311378710171 0.15367681240688 0.000236522345300757)
(0.0067484760744634 0.154659056425234 0.000235661977416911)
(0.00756264277270288 0.155143636876405 0.000264093305013989)
(0.00674529398021576 0.15562828502269 0.000235550856237188)
(0.00677266435162365 0.156585592747104 0.000236506650668026)
(0.0149916646233353 0.160022400530588 0.00052352046460908)
(0.0109317660777781 0.152238782223137 0.000381745683339796)
(0.0116862633798815 0.152758069651924 0.000408093309708696)
(0.00275485005044326 0.152249659154792 9.62014835958587e-05)
(0.0019255972196791 0.151766751978364 6.7243336642364e-05)
(0.00192213915818417 0.152725762947059 6.71225784740114e-05)
(0.00196263756583221 0.150806593289918 6.85368140322716e-05)
(0.00275647602291229 0.153202535561707 9.62582638056497e-05)
(0.00204698048021831 0.153601163015751 7.14821335038106e-05)
(0.0131848884715008 0.126209674104176 0.000460426451087683)
(0.00838128226517801 0.161254946170068 0.000292680826027554)
(0.00933151929460789 0.148069932748198 0.000325863834294798)
(0.0035691916471125 0.161240146223248 0.000124638918780687)
(0.0107908537248662 0.158967870038698 0.000376824915545219)
(0.0026816322471011 0.155052751744526 9.36446615626551e-05)
(0.0110022390508347 0.149298919928424 0.000384206653787305)
(0.00999883413139085 0.148837615062292 0.000349166981888519)
(0.00757873977980204 0.157055207896115 0.000264655424888406)
(0.000720789351648457 0.153538767029869 2.51705188010221e-05)
(0.000730527880606752 0.151669208827099 2.55105957259634e-05)
(0.00603956537314071 0.149438750092554 0.000210906270225788)
(0.000720007902105154 0.149731476423582 2.5143229981651e-05)
(0.00692581897427156 0.151787801566443 0.00024185492794211)
(0.000751954673873872 0.154465663015093 2.62588358345918e-05)
(0.00517395129399455 0.159387467221818 0.000180678360499114)
(0.00361160030959306 0.164885233274244 0.000126119861907624)
(0.00269736779712754 0.156975387584063 9.41941590779542e-05)
(0.00524055490517407 0.152731619605515 0.000183004209852432)
(0.0115916788664989 0.155700075175311 0.000404790345719372)
(0.00519012331925394 0.157516138966811 0.000181243100065412)
(0.00598505482286039 0.157998706693598 0.000209002719864581)
(0.00521370439158116 0.153687236960874 0.000182066569256519)
(0.00604206631282362 0.162629427303134 0.000210993604963968)
(0.00443007907348458 0.150334691268359 0.00015470177015537)
(0.00519404502111858 0.155618827062553 0.000181380048912242)
(0.0141454653234026 0.143969595267344 0.000493970533912054)
(0.00275417549038484 0.158924485371644 9.61779274395504e-05)
(0.0142502953229367 0.122578946768602 0.000497631278161602)
(0.00918303860129377 0.161717110912142 0.000320678774229601)
(0.0150095766901565 0.155396211452691 0.000524145967765666)
(0.00757617419347166 0.158938444580703 0.000264565832639552)
(0.00761193233875632 0.162626194969828 0.000265814534588489)
(0.00446888370383508 0.162614660836198 0.000156056857707053)
(0.0059721977584782 0.159858625965109 0.00020855374128295)
(0.013507509109907 0.145790842092632 0.000471692612034746)
(0.0139256102079559 0.129877740899432 0.000486293024103958)
(0.0141048668296983 0.156133188997358 0.000492552803271694)
(0.012318577495798 0.161762781468219 0.000430174205196994)
(0.0115977623165162 0.158518415290266 0.000405002784475141)
(0.00442816029874566 0.149392811600831 0.000154634765065006)
(0.00636123391390313 0.148057799911064 0.000222139183190499)
(0.00363190140194297 0.162165761255968 0.000126828791674006)
(0.0059768533626659 0.158930914550385 0.000208716318563633)
(0.0134668485748945 0.134234541772658 0.000470272714864164)
(0.00190488040333128 0.162135705181686 6.65198894740791e-05)
(0.00678038406315523 0.158466094276128 0.000236776228934963)
(0.00522748899381973 0.164930422443572 0.000182547938173827)
(0.0140362989534933 0.122191890220163 0.000490158360272198)
(0.000711637546294162 0.164912783227273 2.48509307158114e-05)
(0.00679203154162687 0.157526064579102 0.000237182967845832)
(0.011600927679652 0.157589713208527 0.000405113321391564)
(0.00681130478264291 0.162169236143561 0.000237856004252712)
(0.0140162026007311 0.154300898061307 0.000489456580169764)
(0.0114902979375015 0.164888016212338 0.000401250045666993)
(0.00873888839127046 0.148918778037588 0.000305168707125666)
(0.0152035331294831 0.165150670134461 0.000530919075874831)
(0.010806435899929 0.157118060122126 0.000377369057088767)
(0.0131204504865005 0.164865793777317 0.000458176227066974)
(0.00598573814276985 0.157052377010002 0.000209026581921628)
(0.000703423726115346 0.148781285475681 2.45640977947003e-05)
(0.0118715444881069 0.148840180074174 0.00041456346858021)
(0.00216376435598386 0.148915765750024 7.55603163097723e-05)
(0.00523007850513709 0.162164945528161 0.000182638365901637)
(0.010049189842202 0.153645589636946 0.000350925442058348)
(0.010809686971078 0.156171765458466 0.000377482586994963)
(0.0108807674335863 0.153206118914324 0.000379964771441582)
(0.00598099644392119 0.156115073987189 0.000208860998149135)
(0.0143336566354367 0.148337133458851 0.000500542319339947)
(0.015058742900244 0.136810908921693 0.000525862889654911)
(0.0131289343257815 0.125132594244183 0.00045847248926291)
(0.0145254843291363 0.164740712926112 0.000507241090013764)
(0.00597710635584107 0.155144664817601 0.000208725153279986)
(0.0151043620954332 0.122521415904396 0.000527455947054514)
(0.013087624528162 0.123101787663349 0.000457029919342488)
(0.00396633234474288 0.165659051957585 0.000138507377538429)
(0.0143284564616754 0.146289289846958 0.000500360725270711)
(0.0124312855455939 0.153322793426325 0.000434110057023781)
(0.00283932682270735 0.162609648022131 9.91514774874999e-05)
(0.00732244859499937 0.148045118749982 0.000255705539501145)
(0.010825058714919 0.155218225784075 0.000378019380118319)
(0.0145171786214166 0.16310207490891 0.000506951048309016)
(0.0144954887053699 0.163950843547292 0.000506193619750456)
(0.0100302999115394 0.154683931456914 0.000350265791143965)
(0.00599363952346829 0.154162980314706 0.000209302504215665)
(0.0139236132908978 0.13062698646134 0.000486223290223677)
(0.0101608958988324 0.165651654201555 0.000354826303512771)
(0.0146818266422899 0.122174063581091 0.000512700683893205)
(0.00837778879420839 0.165704721592736 0.000292558831333098)
(0.00602918687049606 0.153149754153394 0.000210543844927265)
(0.0143089531848602 0.137408230817755 0.000499679655836711)
(0.00686788244503126 0.152669783487904 0.000239831739759357)
(0.0152051876642289 0.162686839064851 0.000530976853501302)
(0.0142804759344551 0.134556253930404 0.000498685208339556)
(0.00227348904495126 0.165650782605181 7.93919868807565e-05)
(0.00769956929439864 0.15221081373063 0.000268874884515434)
(0.00361258817516938 0.148966941674733 0.000126154358933703)
(0.00850408057067116 0.15174792591858 0.000296969037347658)
(0.00855253220666049 0.150789165741487 0.000298661005759539)
(0.00934204352804978 0.150359629736519 0.0003262313486249)
(0.00207838630512637 0.158395297937727 7.25788490761231e-05)
(0.00520124839984857 0.148993996821224 0.000181631596440434)
(0.0152214015831939 0.16184545179792 0.000531543056028037)
(0.00125086617570265 0.159966673445342 4.36812093867364e-05)
(0.0152547133665724 0.122173957848267 0.000532706329136757)
(0.0151281854253434 0.138613516087176 0.000528287876066834)
(0.0139201165486291 0.157957086982462 0.000486101181292941)
(0.0014355595346358 0.164462118342426 5.01308436006975e-05)
(0.0145375393991633 0.161415734922689 0.000507662062335381)
(0.0135094329697599 0.123430753428027 0.000471759794701202)
(0.0139596176408576 0.13138065084198 0.000487480589829322)
(0.00672564764096988 0.165687878083183 0.000234864790953026)
(0.0136079210244414 0.12586043205982 0.000475199073356424)
(0.0150996443288756 0.146763606113585 0.00052729119901604)
(0.0101920998215886 0.147944780734797 0.000355915968506577)
(0.00146395457361233 0.16353404767771 5.11224202115061e-05)
(0.015105324026721 0.147839059954194 0.000527489538435281)
(0.0133387827939163 0.139970944460216 0.000465800559246841)
(0.0145749450292381 0.122421304353233 0.000508968295720919)
(0.0143901791004353 0.140959171839832 0.000502516127311268)
(0.00936997931651245 0.149565122273253 0.000327206887854375)
(0.0143426734670874 0.150646346119871 0.000500857194039565)
(0.013299809755704 0.143880066044161 0.000464439590763038)
(0.0142907722038593 0.145139627386556 0.000499044761990047)
(0.0136707083222305 0.126428727438639 0.000477391654109527)
(0.0137234727053093 0.127879294753529 0.0004792342269684)
(0.0133158620561876 0.141925961864299 0.000465000149448037)
(0.0143740126441833 0.14297265013331 0.000501951582218991)
(0.0124391626640124 0.152303980274563 0.000434385132060331)
(0.0143114798101393 0.149553530167411 0.000499767887535676)
(0.0138815338740577 0.122467669963063 0.000484753844607858)
(0.0145802562409786 0.13178333758352 0.000509153767321831)
(0.013219366194346 0.152999382242847 0.000461630439699759)
(0.0141845537707795 0.153528298061575 0.000495335532572691)
(0.0129783576519612 0.122197158521639 0.000453214235945596)
(0.000719057341305648 0.148023872227971 2.51100356670835e-05)
(0.00144045757297022 0.162762492724155 5.03018868683355e-05)
(0.0145252348172173 0.160626517321095 0.000507232376865554)
(0.0144021122411303 0.139163815825115 0.00050293284176679)
(0.0135036970994574 0.12539488623902 0.000471559493696533)
(0.0148295943462537 0.122410108388604 0.000517860845821653)
(0.0119779257895236 0.148021629141494 0.000418278385485215)
(0.00436733106222288 0.165099556299076 0.000152510561318035)
(0.0154163903415888 0.122448176101102 0.00053835221351343)
(0.0145948873237631 0.13258274163182 0.000509664695991162)
(0.00129800224890729 0.161485075641877 4.53272373338616e-05)
(0.0144306597474741 0.159381697018425 0.000503929742655385)
(0.000631860172539269 0.165702895280473 2.20650434362598e-05)
(0.0152769099178603 0.165797968613455 0.000533481449787795)
(0.0136662662930498 0.127025154937899 0.000477236535032434)
(0.0123400790340201 0.16509547307273 0.000430925055456965)
(0.00776180593163168 0.148646128744296 0.00027104823577819)
(0.0054940756151045 0.165728264798535 0.000191857348125296)
(0.00597971002624618 0.148694599453496 0.000208816075454036)
(0.000588509930348211 0.16021157243427 2.05512196212944e-05)
(0.0106407942266954 0.165081538412282 0.000371584722399551)
(0.00133627116222476 0.158736720626833 4.66636172345208e-05)
(0.000648071199548313 0.161160032637749 2.26311449736671e-05)
(0.0133778026107661 0.15151654019817 0.000467163161276665)
(0.00209415106005549 0.154345881335228 7.3129366449097e-05)
(0.0138124562932196 0.159193553877321 0.000482341602330361)
(0.00290193892279468 0.148684267959464 0.000101337940202044)
(0.014585643520038 0.133333286375316 0.00050934189525205)
(0.0022053189672956 0.157560423297838 7.70114353127089e-05)
(0.0145559048432742 0.157795331112021 0.000508303397775794)
(0.0141433937980733 0.135860758821968 0.000493898194653533)
(0.00139131238108154 0.150280276933826 4.85856989507633e-05)
(0.0139292735015325 0.165036072426295 0.000486420949134525)
(0.00217315695381589 0.156322485422835 7.58883130535934e-05)
(0.0014111905017463 0.149298698907457 4.92798582204264e-05)
(0.00141896964395358 0.151274574072624 4.95515118522903e-05)
(0.00143754929425096 0.152244501725302 5.02003275375624e-05)
(0.00140197565504963 0.153160435407169 4.89580686830301e-05)
(0.00220804196143697 0.15564567888365 7.7106524363447e-05)
(0.00144591899316485 0.154015012297199 5.04926038640498e-05)
(0.00276501593732658 0.16506016684684 9.65564841883904e-05)
(0.0151104396002873 0.158234491094187 -0.00052766817820061)
(0.00753675919770858 0.165507664877857 -0.000263189430657991)
(0.000824782343555998 0.155402578397767 -2.88020341001825e-05)
(0.00829054161935092 0.14807029567759 -0.000289512092851095)
(0.000829969222931015 0.159272866086638 -2.8983163919219e-05)
(0.0149313909533676 0.154341868139429 -0.000521415661673717)
(0.011030727694066 0.165650421519033 -0.000385201499130715)
(0.000754513512159303 0.152605376460274 -2.6348192436524e-05)
(0.0151525026353124 0.160973699193806 -0.000529137051750843)
(0.00484773953246599 0.165592463706381 -0.000169286794769278)
(0.00542031176595979 0.148098462275696 -0.00018928145775249)
(0.0111272584845473 0.148203855863496 -0.000388572428613972)
(0.000871223475775468 0.162110453472082 -3.04237941733544e-05)
(0.0143747225221714 0.122197933699976 -0.00050197637170458)
(0.0151928150829306 0.163521620341323 -0.000530544793441767)
(0.0150069637686128 0.151184025180666 -0.000524054722534738)
(0.0130530290044882 0.123522214418372 -0.000455821817034831)
(0.0131959906402048 0.124618572310595 -0.000460814147361851)
(0.0131489914169086 0.125663564563178 -0.000459172898318835)
(0.0150298710379393 0.156328120572133 -0.000524854662006575)
(0.00337559652534598 0.148094211255837 -0.000117878428158751)
(0.000824012915359005 0.157310171815921 -2.87751650754748e-05)
(0.00075381296301235 0.150694939936577 -2.63237287212456e-05)
(0.0127804042219192 0.165592463706388 -0.000446301549845)
(0.00922524959877804 0.165469862699545 -0.000322152814742766)
(0.00313318824705252 0.165664398233123 -0.000109413344549574)
(0.014971872568717 0.122175537558235 -0.000522829310831986)
(0.0131958682460567 0.126836410179845 -0.00046080987326402)
(0.0153073520025169 0.123524784307688 -0.000534544510808934)
(0.0132533643723396 0.1281597939973 -0.000462817682236613)
(0.0136808757620235 0.122208969716609 -0.000477746708930862)
(0.0133049631916908 0.129511408309907 -0.000464619552713224)
(0.0152876323503614 0.124837472868032 -0.000533855885381556)
(0.015264828985333 0.126186027230837 -0.000533059574327762)
(0.000778818413695032 0.163970869167781 -2.71969383005729e-05)
(0.0133371752797198 0.130990864895589 -0.000465744423614133)
(0.0151949557433974 0.132266962217246 -0.00053061954695249)
(0.0152350877942517 0.127619321772434 -0.000532020989049603)
(0.0150299353464832 0.148964743059056 -0.000524856907710413)
(0.0150141801169795 0.133962722656922 -0.000524306722972624)
(0.0149723972178423 0.135823359139747 -0.000522847631983157)
(0.0152161570841777 0.129138081335677 -0.000531359914086793)
(0.0151130601000289 0.137715512242476 -0.000527759688068039)
(0.015184813091152 0.130700695200342 -0.000530265357731391)
(0.0150742273323064 0.1395205357736 -0.000526403617937675)
(0.013531642363473 0.140935625531952 -0.000472535363819609)
(0.0135191814811936 0.142933608085458 -0.000472100220221867)
(0.0135395468207512 0.146824494955494 -0.00047281139355018)
(0.0134498749676389 0.144760204974391 -0.000469679983437745)
(0.0134061357859704 0.133394415127974 -0.000468152577556944)
(0.0145233070496256 0.165589133832591 -0.000507165057737851)
(0.00145259429533 0.148243981389914 -5.07257105522465e-05)
(0.0136030726482727 0.135182773549339 -0.000475029764329829)
(0.00138544396380984 0.165507298842118 -4.83807693039368e-05)
(0.0135414659883671 0.147794554712456 -0.000472878412360111)
(0.0134953030422575 0.137007578918027 -0.000471266366759957)
(0.0127158380568767 0.148344195097589 -0.000444046849678585)
(0.0130884432308416 0.12258888930535 -0.000457058509070045)
(0.0135958429147251 0.13906633361092 -0.000474777296471126)
(0.0150315233310313 0.141464649021415 -0.000524912361352772)
(0.0150382274384979 0.145685089053778 -0.000525146473944263)
(0.0150200048565647 0.143526205477604 -0.000524510127361029)
(0.0135274387870221 0.148837280731848 -0.000472388571695325)
(0.012684642982501 0.149306318048281 -0.000442957493677034)
(0.0135131499704259 0.149905854580047 -0.000471889595224662)
(0.0126692966296668 0.15031085168068 -0.000442421587227169)
(0.0118224683403249 0.149805038364741 -0.000412849691735972)
(0.0118096273084025 0.150785171312523 -0.000412401273020172)
(0.0109593154035967 0.150285864648318 -0.00038270772699636)
(0.010952189228258 0.151267862787845 -0.00038245887547)
(0.010118765478291 0.150785614923548 -0.000353355076808456)
(0.0101008630910723 0.151755027329564 -0.000352729911671039)
(0.00931036240947808 0.1512807721356 -0.000325125019586017)
(0.00927322703960233 0.152252933000419 -0.000323828223894595)
(0.0100919677784757 0.152732049407101 -0.000352419280510297)
(0.00924146974684515 0.153205793645805 -0.00032271923479454)
(0.00844542189677784 0.152727223177926 -0.000294920631317938)
(0.00840530200968349 0.153694339615095 -0.000293519613988681)
(0.00923563254660324 0.154186753878071 -0.000322515395270415)
(0.00839355875651474 0.154664019887343 -0.000293109530551692)
(0.00921648931952335 0.155165549841123 -0.00032184689905023)
(0.0083875850011951 0.15562820131252 -0.000292900922419175)
(0.00921204321324387 0.156114779348632 -0.000321691637597708)
(0.0083864382874146 0.156583006823667 -0.000292860878291573)
(0.00920328339080191 0.157064902140965 -0.000321385737857424)
(0.00838230092902495 0.15753194858445 -0.000292716398552943)
(0.00919588883852254 0.158008385447881 -0.000321127514401782)
(0.00838007363251559 0.158471668941063 -0.00029263861964495)
(0.00918633055758424 0.158944855115454 -0.000320793731876398)
(0.00837645260738136 0.159405872221634 -0.000292512170660914)
(0.0075790195182226 0.158000923684312 -0.000264665193569308)
(0.0075575834659092 0.15417655390381 -0.000263916630127659)
(0.00917732766594956 0.159877122345177 -0.000320479343972864)
(0.00837123907683278 0.160333839634753 -0.000292330110162389)
(0.00998531877761973 0.159420424104987 -0.000348695015334879)
(0.00997573590568082 0.160345215424141 -0.000348360374072831)
(0.0100184176275143 0.155673886536255 -0.000349850852642491)
(0.01077878390121 0.159892665370333 -0.000376403428015518)
(0.010769845181734 0.160811770548156 -0.000376091281053142)
(0.00997178062855825 0.161264193561546 -0.000348222252752158)
(0.0107605933975518 0.161726124724931 -0.000375768201630331)
(0.0100099187453591 0.157551656107063 -0.000349554065137809)
(0.00755998405089959 0.156103710958052 -0.000264000460402754)
(0.00757107307804688 0.159866529805701 -0.000264387697763652)
(0.00756699024596999 0.160791638976346 -0.000264245122125822)
(0.00676840349346856 0.160326883741188 -0.000236357858222556)
(0.00677526198554021 0.161254144327119 -0.000236597362043251)
(0.00596868764290168 0.160785951065358 -0.000208431165346013)
(0.00600823587743489 0.161715714188567 -0.000209812220127952)
(0.00518734996173047 0.16125105516806 -0.000181146252286616)
(0.00517211981775458 0.160319027643241 -0.000180614403939508)
(0.00759373464820909 0.161715214347778 -0.000265179057231608)
(0.0117613625068899 0.151766952350097 -0.000410715829011987)
(0.00436399543041501 0.16077824320064 -0.000152394078488563)
(0.00436663096893963 0.159848218440819 -0.000152486113521868)
(0.00440282516642372 0.161708039929909 -0.000153750042749149)
(0.0115675884201614 0.160360322651589 -0.000403949088795866)
(0.0115799762666241 0.159444247589467 -0.000404381681926688)
(0.00996951914228286 0.162176965372951 -0.000348143279911226)
(0.0107526416458401 0.162637336399684 -0.000375490520341749)
(0.0115397861361732 0.16219092951261 -0.000402978211645372)
(0.0123665116122086 0.159911144393929 -0.000431848101426958)
(0.0123785260724109 0.158995213985898 -0.000432267655622249)
(0.00355662192417594 0.160312061417143 -0.000124199974383444)
(0.00356033632378272 0.159377153717918 -0.000124329684075913)
(0.00437232313690437 0.158912899110672 -0.000152684888407273)
(0.00356340922994927 0.158439661095634 -0.000124436992323825)
(0.00437881559722972 0.157973961604147 -0.000152911610117729)
(0.00356585424144531 0.157497968553287 -0.000124522374006683)
(0.00438560278470973 0.157030282821053 -0.000153148623927216)
(0.00356922846440881 0.156552677411714 -0.000124640204469005)
(0.00439246247643447 0.156082733635438 -0.00015338816964072)
(0.00357243040789434 0.155602695085633 -0.000124752018799389)
(0.00439916685452326 0.15513117876877 -0.000153622291682544)
(0.00357641949417572 0.154649809389077 -0.000124891320761903)
(0.0044059863237185 0.154176339937627 -0.000153860432794367)
(0.00357991106346806 0.153692913646937 -0.000125013249048325)
(0.00441267163477085 0.153218961660772 -0.000154093889000606)
(0.00358401703427012 0.152734080773739 -0.000125156632708244)
(0.00441939331407615 0.152259185431785 -0.000154328615214224)
(0.00358906405380981 0.151773573366076 -0.00012533287851421)
(0.00442493917504852 0.151296936362723 -0.000154522280946874)
(0.0052567747674018 0.151783829811826 -0.000183570619922474)
(0.0115302505081355 0.163091700556748 -0.000402645220176708)
(0.012311284648949 0.162652383731293 -0.00042991953337324)
(0.00996378370289427 0.163083770407767 -0.000347942993954404)
(0.00526248163217789 0.150818552991226 -0.000183769908031841)
(0.00609679949952961 0.151307006914638 -0.000212904929960476)
(0.00359400781290303 0.150811172877218 -0.000125505518385927)
(0.00610253972466367 0.150337959040535 -0.000213105383039214)
(0.0131325887126364 0.159485522449761 -0.000458600103263903)
(0.00518459050675314 0.15844970056959 -0.00018104988999543)
(0.00277598622491928 0.154122859253151 -9.69395750726733e-05)
(0.0131387699480702 0.160389019104768 -0.000458815956761661)
(0.0101404341459779 0.149842011250922 -0.000354111763357943)
(0.00519355837733306 0.15657268508621 -0.000181363054936783)
(0.00522024966132637 0.154660357124254 -0.000182295135112552)
(0.00608872863137314 0.152274310235146 -0.000212623089033986)
(0.0132924318895537 0.158568725209523 -0.000464181949999862)
(0.0124103531286731 0.158072752277591 -0.000433379080917584)
(0.013193786664605 0.157612372844151 -0.000460737182837967)
(0.0123994690832566 0.157132845841379 -0.000432999001676456)
(0.00693907001881491 0.150828436760491 -0.000242317664614133)
(0.0123027264455462 0.16354346024088 -0.000429620674324946)
(0.0130734621947938 0.163106588019126 -0.000456535359763473)
(0.013220105078675 0.156669075816983 -0.000461656242109094)
(0.0123977297116658 0.156184496327997 -0.000432938261482073)
(0.0132363146934885 0.155716972545048 -0.000462222294331545)
(0.0124036861231986 0.155227163787067 -0.000433146263956208)
(0.00694507205232123 0.149856963199033 -0.000242527260242689)
(0.00281603968183447 0.157983049912954 -9.83382726089563e-05)
(0.00274887567431277 0.159841768059174 -9.5992853784149e-05)
(0.00274562677789137 0.16077892011375 -9.58793998211147e-05)
(0.00283933254847279 0.156042839462972 -9.91516774356349e-05)
(0.0130833054495652 0.162222186030272 -0.000456879093794392)
(0.00275909685472838 0.151289180606958 -9.63497852693758e-05)
(0.00276279162126725 0.150325978304174 -9.64788093600057e-05)
(0.00918360420184303 0.162626786333384 -0.000320698525436006)
(0.00918234231284045 0.163534104441202 -0.000320654459301023)
(0.00996826837654152 0.163989134992715 -0.000348099602209085)
(0.00840001046144375 0.163076826075164 -0.000293334829052347)
(0.0132405398275495 0.154758562096709 -0.000462369839264161)
(0.0124172871077455 0.15427433613042 -0.000433621220802431)
(0.0132578857914487 0.153867538630051 -0.000462975573671098)
(0.00677317094008393 0.159401511568665 -0.000236524341126875)
(0.00839926873596517 0.16398167649587 -0.000293308927427883)
(0.00761842475384766 0.163525043544245 -0.000266041254719339)
(0.0130676174381853 0.163981286116225 -0.000456331256365214)
(0.0115791294890938 0.156654892790909 -0.000404352111803745)
(0.0115875166047101 0.154740256547508 -0.00040464499633488)
(0.0116468763110568 0.153755720764069 -0.000406717882957313)
(0.0138325307037922 0.162659865793861 -0.000483042616194651)
(0.0115220587061424 0.163980902795574 -0.000402359156147584)
(0.00360798046109294 0.149865302668669 -0.000125993454012556)
(0.0140017309166257 0.159980240389002 -0.000488951217824962)
(0.00777353593124074 0.150330562727895 -0.000271457856390676)
(0.00525616356109188 0.149871363783629 -0.000183549276127814)
(0.00194688220532523 0.160327219266237 -6.79866247197478e-05)
(0.0138511385447507 0.161798435141381 -0.000483692416319502)
(0.00280669503666361 0.149434745716152 -9.80119504089624e-05)
(0.00773472497886645 0.151282448492592 -0.000270102548069059)
(0.0135376354354605 0.150798303900124 -0.000472744646505033)
(0.0108370114184745 0.154213583065014 -0.000378436777723987)
(0.00195991904548929 0.161207717886501 -6.84418812100177e-05)
(0.00277538188132676 0.161703427371354 -9.69184709293851e-05)
(0.00203604034986191 0.149839407471718 -7.11000957334253e-05)
(0.0145433749158199 0.162253199560734 -0.000507865843067414)
(0.0141518117246179 0.157119796961618 -0.000494192155125996)
(0.014088937375991 0.155152512759753 -0.000491996534490651)
(0.0143645922862379 0.147305699154698 -0.000501622616070652)
(0.00780780977816515 0.149422154355222 -0.000272654725498719)
(0.00687619067837873 0.148883988166941 -0.000240121869660968)
(0.00862969638587323 0.149867577278947 -0.000301355638274848)
(0.00760213449162343 0.164466280866402 -0.000265472386227247)
(0.00683677608042958 0.163971608157428 -0.000238745481571376)
(0.00683659753309331 0.163074721724939 -0.000238739246561003)
(0.0060562446802783 0.163518554081985 -0.000211488724465622)
(0.00605167900453389 0.164426667060673 -0.000211329287555377)
(0.00527640665244569 0.163965337827945 -0.00018425618045478)
(0.00527111000857475 0.163070775743102 -0.000184071217575083)
(0.00449069632596094 0.163516680972601 -0.000156818571256321)
(0.00447401308361042 0.164378288849476 -0.000156235979595823)
(0.00370260257517527 0.163964238166174 -0.000129297731047247)
(0.00369713318411693 0.163064737414588 -0.000129106735702839)
(0.00290736208665441 0.163527845196079 -0.000101527321257105)
(0.00288779899536923 0.164382014478598 -0.00010084416305579)
(0.0021267784627876 0.163980294489567 -7.42687404590194e-05)
(0.00211930197887177 0.16306041171311 -7.4007655887586e-05)
(0.0155638532435446 0.122130407773601 -0.000543501731521211)
(0.00838903962960138 0.164877710291342 -0.000292951719162447)
(0.00183044769937159 0.159367812951917 -6.39206421764554e-05)
(0.00124518581878787 0.160729566357777 -4.34828469522846e-05)
(0.00213326084283987 0.164875857436808 -7.44951101585827e-05)
(0.0150296931128993 0.150090265057362 -0.000524848448727265)
(0.0153059236624575 0.124169539941907 -0.000534494632074965)
(0.0147882755386307 0.123841165945092 -0.000516417961264973)
(0.0147856256469701 0.123259455237954 -0.000516325425009117)
(0.0143078506852918 0.123540641623292 -0.000499641155703421)
(0.0142745904148065 0.124115431216667 -0.000498479681464568)
(0.0143073897999066 0.123025182412093 -0.000499625061231123)
(0.0138830466815198 0.12325893392738 -0.000484806673008526)
(0.0147283537888276 0.122743817615694 -0.000514325447652559)
(0.0138851586093251 0.122816923740792 -0.0004848804231526)
(0.0134903149575972 0.122943171490431 -0.000471092179005327)
(0.0152936936234659 0.122882740951434 -0.000534067549702465)
(0.0150377652313181 0.144584950634201 -0.000525130333313878)
(0.00678919318497084 0.164896846975141 -0.000237083850247312)
(0.00608117800635473 0.165322378562916 -0.0002123594153982)
(0.0138670012010299 0.160921549267073 -0.000484246352482953)
(0.013098594657398 0.161340669196112 -0.000457413004696834)
(0.0149813344100494 0.152251616129227 -0.000523159725612122)
(0.0140797346705439 0.151677773293818 -0.000491675168935031)
(0.0141062935525577 0.152668040367541 -0.000492602625531794)
(0.013218914382808 0.152235954704799 -0.000461614662093188)
(0.0152797098607722 0.125501042435612 -0.000533579225948813)
(0.0146969297987356 0.12514699354042 -0.000513228097738045)
(0.0146841928087791 0.125804384786018 -0.000512783312247755)
(0.0146626364745707 0.126479147896512 -0.000512030548469777)
(0.0141027087397231 0.126106717741064 -0.000492477441109125)
(0.0140625251827493 0.126753046090384 -0.000491074200378686)
(0.0146388111515532 0.127193999386669 -0.000511198549856614)
(0.0140053393999338 0.12740982115981 -0.00048907722883878)
(0.0147392803422471 0.124513819921289 -0.000514707011305859)
(0.0141828145569861 0.124771968033667 -0.000495274797888715)
(0.0137264120063097 0.124390700158077 -0.000479336869621099)
(0.0138340473011996 0.123800210067898 -0.000483095576943128)
(0.0136235311612501 0.124946871517821 -0.000475744191345657)
(0.0140266446039794 0.12539372505374 -0.000489821222958231)
(0.013243348418321 0.123983698356663 -0.000462467917415091)
(0.00839527903373011 0.162170062406842 -0.000293169603955792)
(0.0134011226765222 0.13257293561897 -0.000467977515917465)
(0.0141147140926957 0.132978323211926 -0.00049289667727295)
(0.0140522065354665 0.132162995961017 -0.000490713865275458)
(0.0141194793434697 0.133801052718533 -0.0004930630834968)
(0.0152185722179907 0.12839117475745 -0.000531444252417969)
(0.0145884419280148 0.128743604923011 -0.000509439617811955)
(0.014564011685248 0.129501138963296 -0.000508586494935667)
(0.0144842490092126 0.127942900618246 -0.000505801120911787)
(0.0139800178674343 0.128363087574821 -0.00048819298143919)
(0.0139387756772199 0.129136782105837 -0.000486752772421376)
(0.0134890513834795 0.136120299633739 -0.000471048054024829)
(0.0143121202412414 0.136529082028481 -0.000499790251882567)
(0.0150414521297689 0.142481286250593 -0.000525259082644817)
(0.0141439594299864 0.141952555585549 -0.000493917946955187)
(0.0152553371939275 0.126886587764446 -0.000532728113668027)
(0.015194045474937 0.131461824445237 -0.000530587759677407)
(0.0145399333089858 0.131022166378398 -0.000507745659508477)
(0.014541163101307 0.130274579276641 -0.000507788604802649)
(0.013520749268325 0.137989385547749 -0.000472154968554894)
(0.0143537435570643 0.138396917248105 -0.000501243770099901)
(0.0150968133914859 0.159121530974623 -0.00052719234050401)
(0.0142963968256 0.158629934321289 -0.000499241178109332)
(0.0138058067644745 0.163526489726928 -0.000482109395669827)
(0.013814548157293 0.164353798763193 -0.000482414651833479)
(0.0149947225876521 0.153234222107604 -0.000523627251076104)
(0.0151821688393103 0.133083342526337 -0.000530173018422351)
(0.0136070237510831 0.165624970678503 -0.000475167739880311)
(0.0133441248055701 0.131767388412649 -0.000465987106404426)
(0.000767597101147564 0.163061591545079 -2.68050814317079e-05)
(0.0150499175868895 0.15729897114945 -0.000525554702921568)
(0.0107486934733391 0.1635368478297 -0.000375352647119926)
(0.0107210098022089 0.164385154911489 -0.000374385912021705)
(0.00997478340226678 0.164842241577016 -0.00034832711192067)
(0.00918982534266556 0.164449121749615 -0.000320915772460645)
(0.0152061339532902 0.129907223696365 -0.000531009898643484)
(0.0151031218681778 0.134875371536532 -0.000527412637364411)
(0.0143761530549362 0.13528106134844 -0.000502026327009511)
(0.0151867554315139 0.16436375885284 -0.000530333185751445)
(0.00917334594487726 0.160800150892648 -0.000320340299209118)
(0.0115509861138604 0.161279711486114 -0.000403369323484498)
(0.0133105543287946 0.122228370277057 -0.00046481479952322)
(0.0135550407225101 0.122541619369147 -0.000473352452522031)
(0.0133080805119913 0.130243810336152 -0.000464728411936869)
(0.0123401713745828 0.160840608050122 -0.000430928280060468)
(0.0150618686925877 0.140469384245495 -0.000525972044728828)
(0.0141819016850983 0.13997364481475 -0.000495242919699946)
(0.0123042073014704 0.164376491677881 -0.000429672386953329)
(0.0100109244053615 0.156618475707502 -0.00034958918355894)
(0.0133102746858283 0.128805529486778 -0.000464805034175655)
(0.000772379587661801 0.158270999794783 -2.69720895408689e-05)
(0.0014742216974473 0.157864770275422 -5.14809560762904e-05)
(0.00170213232038416 0.15689788986821 -5.9439770404589e-05)
(0.00243153581658881 0.148090686452894 -8.49111017620266e-05)
(0.00999824216946398 0.158486808693578 -0.000349146310122524)
(0.0108112522468866 0.158033664063117 -0.000377537247630668)
(0.000833425916763642 0.156366155520836 -2.91038743277517e-05)
(0.00156737957131756 0.155924910721499 -5.4734100716055e-05)
(0.00165966273814337 0.154978163980084 -5.79566999127474e-05)
(0.00441136155901956 0.148308419987199 -0.000154048140147279)
(0.0126749259542521 0.151354128893939 -0.00044261816757341)
(0.0119094053815318 0.165648172005714 -0.000415885600112252)
(0.0133196705008803 0.127479780710139 -0.000465133143267273)
(0.00761787129997259 0.153191414363178 -0.000266021927684144)
(0.00677311378710171 0.15367681240688 -0.000236522345300757)
(0.0067484760744634 0.154659056425234 -0.000235661977416911)
(0.00756264277270288 0.155143636876405 -0.000264093305013989)
(0.00674529398021576 0.15562828502269 -0.000235550856237188)
(0.00677266435162365 0.156585592747104 -0.000236506650668027)
(0.0149916646233353 0.160022400530588 -0.000523520464609081)
(0.0109317660777781 0.152238782223137 -0.000381745683339796)
(0.0116862633798815 0.152758069651924 -0.000408093309708696)
(0.00275485005044326 0.152249659154792 -9.62014835958587e-05)
(0.0019255972196791 0.151766751978364 -6.7243336642364e-05)
(0.00192213915818417 0.152725762947059 -6.71225784740114e-05)
(0.00196263756583221 0.150806593289918 -6.85368140322716e-05)
(0.00275647602291229 0.153202535561707 -9.62582638056498e-05)
(0.00204698048021831 0.153601163015751 -7.14821335038106e-05)
(0.0131848884715008 0.126209674104176 -0.000460426451087683)
(0.00838128226517801 0.161254946170068 -0.000292680826027555)
(0.00933151929460789 0.148069932748198 -0.000325863834294799)
(0.0035691916471125 0.161240146223248 -0.000124638918780687)
(0.0107908537248662 0.158967870038698 -0.00037682491554522)
(0.0026816322471011 0.155052751744526 -9.36446615626551e-05)
(0.0110022390508347 0.149298919928424 -0.000384206653787305)
(0.00999883413139085 0.148837615062292 -0.000349166981888519)
(0.00757873977980204 0.157055207896115 -0.000264655424888406)
(0.000720789351648457 0.153538767029869 -2.51705188010221e-05)
(0.000730527880606752 0.151669208827099 -2.55105957259634e-05)
(0.00603956537314071 0.149438750092554 -0.000210906270225788)
(0.000720007902105154 0.149731476423582 -2.5143229981651e-05)
(0.00692581897427156 0.151787801566443 -0.00024185492794211)
(0.000751954673873871 0.154465663015093 -2.62588358345918e-05)
(0.00517395129399455 0.159387467221818 -0.000180678360499114)
(0.00361160030959306 0.164885233274244 -0.000126119861907624)
(0.00269736779712754 0.156975387584063 -9.41941590779542e-05)
(0.00524055490517407 0.152731619605515 -0.000183004209852432)
(0.0115916788664989 0.155700075175311 -0.000404790345719372)
(0.00519012331925394 0.157516138966811 -0.000181243100065412)
(0.00598505482286039 0.157998706693598 -0.000209002719864581)
(0.00521370439158116 0.153687236960874 -0.000182066569256519)
(0.00604206631282362 0.162629427303134 -0.000210993604963968)
(0.00443007907348458 0.150334691268359 -0.00015470177015537)
(0.00519404502111858 0.155618827062553 -0.000181380048912242)
(0.0141454653234026 0.143969595267344 -0.000493970533912054)
(0.00275417549038484 0.158924485371644 -9.61779274395504e-05)
(0.0142502953229367 0.122578946768602 -0.000497631278161602)
(0.00918303860129377 0.161717110912142 -0.000320678774229601)
(0.0150095766901565 0.155396211452691 -0.000524145967765666)
(0.00757617419347166 0.158938444580703 -0.000264565832639552)
(0.00761193233875632 0.162626194969828 -0.000265814534588489)
(0.00446888370383508 0.162614660836198 -0.000156056857707053)
(0.0059721977584782 0.159858625965109 -0.00020855374128295)
(0.013507509109907 0.145790842092632 -0.000471692612034747)
(0.0139256102079559 0.129877740899432 -0.000486293024103959)
(0.0141048668296983 0.156133188997358 -0.000492552803271695)
(0.012318577495798 0.161762781468219 -0.000430174205196994)
(0.0115977623165162 0.158518415290266 -0.000405002784475141)
(0.00442816029874566 0.149392811600831 -0.000154634765065006)
(0.00636123391390313 0.148057799911064 -0.000222139183190499)
(0.00363190140194297 0.162165761255968 -0.000126828791674006)
(0.0059768533626659 0.158930914550385 -0.000208716318563633)
(0.0134668485748945 0.134234541772658 -0.000470272714864164)
(0.00190488040333128 0.162135705181686 -6.65198894740791e-05)
(0.00678038406315523 0.158466094276128 -0.000236776228934963)
(0.00522748899381973 0.164930422443572 -0.000182547938173827)
(0.0140362989534933 0.122191890220163 -0.000490158360272198)
(0.000711637546294162 0.164912783227273 -2.48509307158114e-05)
(0.00679203154162687 0.157526064579102 -0.000237182967845832)
(0.011600927679652 0.157589713208527 -0.000405113321391564)
(0.00681130478264291 0.162169236143561 -0.000237856004252712)
(0.0140162026007311 0.154300898061307 -0.000489456580169764)
(0.0114902979375015 0.164888016212338 -0.000401250045666994)
(0.00873888839127045 0.148918778037588 -0.000305168707125666)
(0.0152035331294831 0.165150670134461 -0.000530919075874831)
(0.010806435899929 0.157118060122126 -0.000377369057088767)
(0.0131204504865005 0.164865793777317 -0.000458176227066975)
(0.00598573814276985 0.157052377010002 -0.000209026581921628)
(0.000703423726115346 0.148781285475681 -2.45640977947003e-05)
(0.0118715444881069 0.148840180074174 -0.00041456346858021)
(0.00216376435598386 0.148915765750024 -7.55603163097723e-05)
(0.00523007850513709 0.162164945528161 -0.000182638365901637)
(0.010049189842202 0.153645589636946 -0.000350925442058348)
(0.010809686971078 0.156171765458466 -0.000377482586994964)
(0.0108807674335863 0.153206118914324 -0.000379964771441582)
(0.00598099644392119 0.156115073987189 -0.000208860998149135)
(0.0143336566354367 0.148337133458851 -0.000500542319339947)
(0.0150587429002439 0.136810908921693 -0.000525862889654912)
(0.0131289343257815 0.125132594244183 -0.00045847248926291)
(0.0145254843291363 0.164740712926112 -0.000507241090013764)
(0.00597710635584107 0.155144664817601 -0.000208725153279986)
(0.0151043620954332 0.122521415904396 -0.000527455947054515)
(0.013087624528162 0.123101787663349 -0.000457029919342488)
(0.00396633234474288 0.165659051957585 -0.000138507377538429)
(0.0143284564616754 0.146289289846958 -0.000500360725270711)
(0.0124312855455939 0.153322793426325 -0.000434110057023781)
(0.00283932682270735 0.162609648022131 -9.91514774875e-05)
(0.00732244859499937 0.148045118749982 -0.000255705539501145)
(0.010825058714919 0.155218225784075 -0.00037801938011832)
(0.0145171786214166 0.16310207490891 -0.000506951048309017)
(0.0144954887053699 0.163950843547292 -0.000506193619750456)
(0.0100302999115394 0.154683931456914 -0.000350265791143965)
(0.00599363952346829 0.154162980314706 -0.000209302504215665)
(0.0139236132908978 0.13062698646134 -0.000486223290223677)
(0.0101608958988324 0.165651654201555 -0.000354826303512771)
(0.0146818266422899 0.122174063581091 -0.000512700683893205)
(0.00837778879420839 0.165704721592736 -0.000292558831333098)
(0.00602918687049606 0.153149754153394 -0.000210543844927265)
(0.0143089531848602 0.137408230817755 -0.000499679655836712)
(0.00686788244503126 0.152669783487904 -0.000239831739759358)
(0.0152051876642289 0.162686839064851 -0.000530976853501303)
(0.0142804759344551 0.134556253930404 -0.000498685208339557)
(0.00227348904495126 0.165650782605181 -7.93919868807565e-05)
(0.00769956929439864 0.15221081373063 -0.000268874884515434)
(0.00361258817516938 0.148966941674733 -0.000126154358933703)
(0.00850408057067116 0.15174792591858 -0.000296969037347658)
(0.00855253220666048 0.150789165741487 -0.000298661005759539)
(0.00934204352804978 0.150359629736519 -0.0003262313486249)
(0.00207838630512637 0.158395297937727 -7.25788490761231e-05)
(0.00520124839984857 0.148993996821224 -0.000181631596440434)
(0.0152214015831939 0.16184545179792 -0.000531543056028037)
(0.00125086617570265 0.159966673445342 -4.36812093867364e-05)
(0.0152547133665724 0.122173957848267 -0.000532706329136757)
(0.0151281854253434 0.138613516087176 -0.000528287876066834)
(0.0139201165486291 0.157957086982462 -0.000486101181292941)
(0.0014355595346358 0.164462118342426 -5.01308436006976e-05)
(0.0145375393991633 0.161415734922689 -0.000507662062335382)
(0.0135094329697599 0.123430753428027 -0.000471759794701203)
(0.0139596176408576 0.13138065084198 -0.000487480589829323)
(0.00672564764096988 0.165687878083183 -0.000234864790953026)
(0.0136079210244414 0.12586043205982 -0.000475199073356425)
(0.0150996443288756 0.146763606113585 -0.000527291199016041)
(0.0101920998215886 0.147944780734797 -0.000355915968506577)
(0.00146395457361233 0.16353404767771 -5.11224202115061e-05)
(0.015105324026721 0.147839059954194 -0.000527489538435281)
(0.0133387827939163 0.139970944460216 -0.000465800559246841)
(0.0145749450292381 0.122421304353233 -0.000508968295720919)
(0.0143901791004353 0.140959171839832 -0.000502516127311268)
(0.00936997931651245 0.149565122273253 -0.000327206887854375)
(0.0143426734670874 0.150646346119871 -0.000500857194039566)
(0.013299809755704 0.143880066044161 -0.000464439590763038)
(0.0142907722038593 0.145139627386556 -0.000499044761990048)
(0.0136707083222305 0.126428727438639 -0.000477391654109527)
(0.0137234727053093 0.127879294753529 -0.0004792342269684)
(0.0133158620561876 0.141925961864299 -0.000465000149448038)
(0.0143740126441833 0.14297265013331 -0.000501951582218991)
(0.0124391626640124 0.152303980274563 -0.000434385132060331)
(0.0143114798101393 0.149553530167411 -0.000499767887535676)
(0.0138815338740577 0.122467669963063 -0.000484753844607859)
(0.0145802562409786 0.13178333758352 -0.000509153767321831)
(0.013219366194346 0.152999382242847 -0.000461630439699759)
(0.0141845537707795 0.153528298061575 -0.000495335532572691)
(0.0129783576519612 0.122197158521639 -0.000453214235945596)
(0.000719057341305648 0.148023872227971 -2.51100356670835e-05)
(0.00144045757297022 0.162762492724155 -5.03018868683355e-05)
(0.0145252348172173 0.160626517321095 -0.000507232376865554)
(0.0144021122411303 0.139163815825115 -0.00050293284176679)
(0.0135036970994574 0.12539488623902 -0.000471559493696534)
(0.0148295943462537 0.122410108388604 -0.000517860845821653)
(0.0119779257895236 0.148021629141494 -0.000418278385485215)
(0.00436733106222288 0.165099556299076 -0.000152510561318035)
(0.0154163903415888 0.122448176101102 -0.00053835221351343)
(0.0145948873237631 0.13258274163182 -0.000509664695991162)
(0.00129800224890729 0.161485075641877 -4.53272373338617e-05)
(0.0144306597474741 0.159381697018425 -0.000503929742655386)
(0.000631860172539269 0.165702895280473 -2.20650434362598e-05)
(0.0152769099178603 0.165797968613455 -0.000533481449787795)
(0.0136662662930498 0.127025154937899 -0.000477236535032434)
(0.0123400790340201 0.16509547307273 -0.000430925055456966)
(0.00776180593163168 0.148646128744296 -0.00027104823577819)
(0.0054940756151045 0.165728264798535 -0.000191857348125296)
(0.00597971002624618 0.148694599453496 -0.000208816075454036)
(0.000588509930348211 0.16021157243427 -2.05512196212944e-05)
(0.0106407942266954 0.165081538412282 -0.000371584722399552)
(0.00133627116222476 0.158736720626833 -4.66636172345208e-05)
(0.000648071199548313 0.161160032637749 -2.26311449736671e-05)
(0.0133778026107661 0.15151654019817 -0.000467163161276666)
(0.00209415106005549 0.154345881335228 -7.31293664490971e-05)
(0.0138124562932196 0.159193553877321 -0.000482341602330361)
(0.00290193892279468 0.148684267959464 -0.000101337940202044)
(0.014585643520038 0.133333286375316 -0.00050934189525205)
(0.0022053189672956 0.157560423297838 -7.70114353127089e-05)
(0.0145559048432742 0.157795331112021 -0.000508303397775794)
(0.0141433937980733 0.135860758821968 -0.000493898194653534)
(0.00139131238108154 0.150280276933826 -4.85856989507633e-05)
(0.0139292735015325 0.165036072426295 -0.000486420949134525)
(0.00217315695381589 0.156322485422835 -7.58883130535935e-05)
(0.0014111905017463 0.149298698907457 -4.92798582204265e-05)
(0.00141896964395358 0.151274574072624 -4.95515118522903e-05)
(0.00143754929425096 0.152244501725302 -5.02003275375624e-05)
(0.00140197565504963 0.153160435407169 -4.89580686830301e-05)
(0.00220804196143697 0.15564567888365 -7.71065243634471e-05)
(0.00144591899316485 0.154015012297199 -5.04926038640499e-05)
(0.00276501593732658 0.16506016684684 -9.65564841883904e-05)
)


// ************************************************************************* //
