/*--------------------------------*- C++ -*----------------------------------*\
  =========                 |
  \\      /  F ield         | OpenFOAM: The Open Source CFD Toolbox
   \\    /   O peration     | Website:  https://openfoam.org
    \\  /    A nd           | Version:  7
     \\/     M anipulation  |
\*---------------------------------------------------------------------------*/
FoamFile
{
    version     2.0;
    format      ascii;
    class       cellSet;
    location    "constant/polyMesh/sets";
    object      alumina;
}
// * * * * * * * * * * * * * * * * * * * * * * * * * * * * * * * * * * * * * //


1066
(
24576 
24577 
24578 
24579 
24580 
24581 
24582 
24583 
24584 
24585 
24586 
24587 
24588 
24589 
24590 
24591 
24592 
24593 
24594 
24595 
24596 
24597 
24598 
24599 
24600 
24601 
24602 
24603 
24604 
24605 
24606 
24607 
24608 
24609 
24610 
24611 
24612 
24613 
24614 
24615 
24616 
24617 
24618 
24619 
24620 
24621 
24622 
24623 
24624 
24625 
24626 
24627 
24628 
24629 
24630 
24631 
24632 
24633 
24634 
24635 
24636 
24637 
24638 
24639 
24640 
24641 
24642 
24643 
24644 
24645 
24646 
24647 
24648 
24649 
24650 
24651 
24652 
24653 
24654 
24655 
24656 
24657 
24658 
24659 
24660 
24661 
24662 
24663 
24664 
24665 
24666 
24667 
24668 
24669 
24670 
24671 
24672 
24673 
24674 
24675 
24676 
24677 
24678 
24679 
24680 
24681 
24682 
24683 
24684 
24685 
24686 
24687 
24688 
24689 
24690 
115 
24691 
116 
24692 
117 
24693 
118 
24694 
119 
24695 
120 
24696 
121 
24697 
122 
24698 
123 
24699 
124 
24700 
125 
24701 
126 
24702 
127 
24703 
128 
24704 
129 
24705 
130 
24706 
131 
24707 
132 
24708 
133 
24709 
134 
24710 
135 
24711 
136 
24712 
137 
24713 
138 
24714 
139 
24715 
140 
24716 
24717 
24718 
24719 
24720 
24721 
24722 
24723 
24724 
24725 
24726 
24727 
24728 
24729 
24730 
24731 
24732 
24733 
24734 
24735 
24736 
24737 
24738 
24739 
24740 
24741 
24742 
24743 
24744 
24745 
24746 
24747 
24748 
24749 
24750 
24751 
24752 
24753 
24754 
24755 
24756 
24757 
24758 
24759 
24760 
24761 
24762 
24763 
24764 
24765 
24766 
24767 
24768 
24769 
24770 
24771 
24772 
24773 
24774 
24775 
24776 
24777 
24778 
24779 
24780 
24781 
24782 
24783 
24784 
24785 
24786 
24787 
24788 
24789 
24790 
24791 
24792 
24793 
24794 
24795 
24796 
24797 
24798 
24799 
24800 
24801 
24802 
24803 
24804 
24805 
24806 
24807 
24808 
24809 
24810 
24811 
24812 
24813 
24814 
24815 
24816 
24817 
24818 
24819 
24820 
24821 
24822 
24823 
24824 
24825 
24826 
24827 
24828 
24829 
24830 
24831 
24832 
24833 
24834 
24835 
24836 
24837 
24838 
24839 
24840 
24841 
24842 
24843 
24844 
24845 
24846 
24847 
24848 
24849 
24850 
24851 
24852 
24853 
24854 
24855 
24856 
24857 
24858 
24859 
24860 
24861 
24862 
24863 
24864 
24865 
24866 
24867 
24868 
24869 
24870 
24871 
24872 
24873 
24874 
24875 
24876 
24877 
24878 
24879 
24880 
24881 
24882 
24883 
24884 
24885 
24886 
24887 
24888 
24889 
24890 
24891 
24892 
24893 
24894 
24895 
24896 
24897 
24898 
24899 
24900 
24901 
24902 
24903 
24904 
24905 
24906 
24907 
24908 
24909 
24910 
24911 
24912 
24913 
24914 
24915 
24916 
24917 
24918 
24919 
24920 
24921 
24922 
24923 
24924 
24925 
24926 
24927 
24928 
24929 
24930 
24931 
24932 
24933 
24934 
24935 
24936 
24937 
24938 
24939 
24940 
24941 
24942 
24943 
24944 
24945 
24946 
24947 
24948 
24949 
24950 
24951 
24952 
24953 
24954 
24955 
24956 
24957 
24958 
24959 
24960 
24961 
24962 
24963 
24964 
24965 
24966 
24967 
24968 
24969 
24970 
24971 
24972 
24973 
24974 
24975 
24976 
24977 
24978 
24979 
24980 
24981 
24982 
24983 
24984 
24985 
24986 
24987 
24988 
24989 
24990 
24991 
24992 
24993 
24994 
24995 
24996 
24997 
24998 
24999 
25000 
25001 
25002 
25003 
25004 
25005 
25006 
25007 
25008 
25009 
25010 
25011 
25012 
25013 
25014 
25015 
25016 
25017 
25018 
25019 
25020 
25021 
25022 
25023 
25024 
25025 
25026 
25027 
25028 
25029 
25030 
25031 
25032 
25033 
25034 
25035 
25036 
25037 
25038 
25039 
25040 
25041 
25042 
25043 
25044 
25045 
25046 
25047 
25048 
25049 
25050 
25051 
25052 
25053 
25054 
25055 
25056 
25057 
25058 
25059 
25060 
25061 
25062 
25063 
25064 
25065 
25066 
25067 
25068 
25069 
25070 
25071 
25072 
25073 
25074 
25075 
25076 
25077 
25078 
25079 
25080 
25081 
25082 
25083 
25084 
25085 
25086 
25087 
25088 
25089 
25090 
25091 
25092 
25093 
25094 
25095 
25096 
25097 
25098 
25099 
25100 
25101 
25102 
25103 
25104 
25105 
25106 
25107 
25108 
25109 
25110 
25111 
25112 
25113 
25114 
25115 
25116 
25117 
25118 
25119 
25120 
25121 
25122 
25123 
25124 
25125 
25126 
25127 
25128 
25129 
25130 
25131 
25132 
25133 
25134 
25135 
25136 
25137 
25138 
25139 
25140 
25141 
25142 
25143 
25144 
25145 
25146 
25147 
25148 
25149 
25150 
25151 
25152 
25153 
25154 
25155 
25156 
25157 
25158 
25159 
25160 
25161 
25162 
25163 
25164 
25165 
25166 
25167 
25168 
25169 
25170 
25171 
25172 
25173 
25174 
25175 
25176 
25177 
25178 
25179 
25180 
25181 
25182 
25183 
25184 
25185 
25186 
25187 
25188 
25189 
25190 
25191 
25192 
25193 
25194 
25195 
25196 
25197 
25198 
25199 
25200 
25201 
25202 
25203 
25204 
25205 
25206 
25207 
25208 
25209 
25210 
25211 
25212 
25213 
25214 
25215 
25216 
25217 
25218 
25219 
25220 
25221 
25222 
25223 
25224 
25225 
25226 
25227 
25228 
25229 
25230 
25231 
25232 
25233 
25234 
26503 
26504 
26505 
26506 
26507 
26508 
26509 
26510 
26511 
26512 
26513 
26514 
26515 
26516 
26517 
26518 
26519 
26520 
26521 
26522 
26523 
26524 
26525 
26526 
26527 
26528 
26529 
24222 
24223 
24224 
24225 
24226 
24227 
24228 
24229 
24230 
24231 
24232 
24233 
24234 
24235 
24236 
24237 
24238 
24239 
24240 
24241 
24242 
24243 
24244 
24245 
24246 
24247 
24248 
24249 
24250 
24251 
24252 
24253 
24254 
24255 
24256 
24257 
24258 
24259 
24260 
24261 
24262 
24263 
24264 
24265 
24266 
24267 
24268 
24269 
24270 
24271 
24272 
24273 
24274 
24275 
24276 
24277 
24278 
24279 
24280 
24281 
24282 
24283 
24284 
24285 
24286 
24287 
24288 
24289 
24290 
24291 
24292 
24293 
24294 
24295 
24296 
24297 
24298 
24299 
24300 
24301 
24302 
24303 
24304 
24305 
24306 
24307 
24308 
24309 
24310 
24311 
24312 
24313 
24314 
24315 
24316 
24317 
24318 
24319 
24320 
24321 
24322 
24323 
24324 
24325 
24326 
24327 
24328 
24329 
24330 
24331 
24332 
24333 
24334 
24335 
24336 
24337 
24338 
24339 
24340 
24341 
24342 
24343 
24344 
24345 
24346 
24347 
24348 
24349 
24350 
24351 
24352 
24353 
24354 
24355 
24356 
24357 
24358 
24359 
24360 
24361 
24362 
24363 
24364 
24365 
24366 
24367 
24368 
24369 
24370 
24371 
24372 
24373 
24374 
24375 
24376 
24377 
24378 
24379 
24380 
24381 
24382 
24383 
24384 
24385 
24386 
24387 
24388 
24389 
24390 
24391 
24392 
24393 
24394 
24395 
24396 
24397 
24398 
24399 
24400 
24401 
24402 
24403 
24404 
24405 
24406 
24407 
24408 
24409 
24410 
24411 
24412 
24413 
24414 
24415 
24416 
24417 
24418 
24419 
24420 
24421 
24422 
24423 
24424 
24425 
24426 
24427 
24428 
24429 
24430 
24431 
24432 
24433 
24434 
24435 
24436 
24437 
24438 
24439 
24440 
24441 
24442 
24443 
24444 
24445 
24446 
24447 
24448 
24449 
24450 
24451 
24452 
24453 
24454 
24455 
24456 
24457 
24458 
24459 
24460 
24461 
24462 
24463 
24464 
24465 
24466 
24467 
24468 
24469 
24470 
24471 
24472 
24473 
24474 
24475 
24476 
24477 
24478 
24479 
24480 
24481 
24482 
24483 
24484 
24485 
24486 
24487 
24488 
24489 
24490 
24491 
24492 
24493 
24494 
24495 
24496 
24497 
24498 
24499 
24500 
24501 
24502 
24503 
24504 
24505 
24506 
24507 
24508 
24509 
24510 
24511 
24512 
24513 
24514 
24515 
24516 
24517 
24518 
24519 
24520 
24521 
24522 
24523 
24524 
24525 
24526 
24527 
24528 
24529 
24530 
24531 
24532 
24533 
24534 
24535 
24536 
24537 
24538 
24539 
24540 
24541 
24542 
24543 
24544 
24545 
24546 
24547 
24548 
24549 
24550 
24551 
24552 
24553 
24554 
24555 
24556 
24557 
24558 
24559 
24560 
24561 
24562 
24563 
24564 
24565 
24566 
24567 
24568 
24569 
24570 
24571 
24572 
24573 
24574 
24575 
)

// ************************************************************************* //
