// Tabulated virgin-material properties as a function of pressure and temperature.
// Interpolation is linear. No extrapolation is allowed.
// If out of (p,T) range, PATO will send a warning and exit.
// Add as many pressure sub-tables as needed (lines) - (but do no change the number of columns)
// FF virgin & char data. h taken from TACOT_char values. Only 1e6 Pa pressure data available but used for 1e0 Pa as well.
//
// Through Thickness in Z direction and In Plane in X, Y directions.

// p(Pa)        T (K)           cp (J/kg/K)     h(J/kg)         ki (W/m/K)      kj (W/m/K)      kk(W/m/K)       emissivity      reflectivity
1.00E+06	2.00E+02	417.01	-37160	0.25488687	0.25488687	0.129323944	0.885966347	0.885966347
1.00E+06	2.50E+02	567.73	-32160	0.283255285	0.283255285	0.145609516	0.890429218	0.890429218
1.00E+06	2.98E+02	709.67	0	0.308783145	0.308783145	0.160264398	0.89394187	0.89394187
1.00E+06	3.50E+02	853.27	48794.52055	0.334814972	0.334814972	0.175208595	0.897158663	0.897158663
1.00E+06	4.00E+02	984.32	95712.32877	0.358510724	0.358510724	0.188811712	0.899829291	0.899829291
1.00E+06	4.50E+02	1107.00	144178.5714	0.381153403	0.381153403	0.201810287	0.902184952	0.902184952
1.00E+06	5.00E+02	1218.36	204000	0.40299525	0.40299525	0.214349125	0.904292162	0.904292162
1.00E+06	6.00E+02	1403.42	332500	0.445285407	0.445285407	0.238626808	0.907938593	0.907938593
1.00E+06	7.00E+02	1544.52	480814.8148	0.487399121	0.487399121	0.262803199	0.911021607	0.911021607
1.00E+06	8.00E+02	1651.70	635841.2698	0.531354314	0.531354314	0.288036736	0.913692235	0.913692235
1.00E+06	9.00E+02	1735.02	806245.4874	0.579168912	0.579168912	0.315485857	0.916047895	0.916047895
1.00E+06	1.00E+03	1800.33	984223.8267	0.632860839	0.632860839	0.346309	0.918155106	0.918155106
1.00E+06	1.20E+03	1896.63	1350357.143	0.765948375	0.765948375	0.422711104	0.921801537	0.921801537
1.00E+06	1.40E+03	1964.46	1729642.857	0.946760316	0.946760316	0.526510552	0.92488455	0.92488455
1.00E+06	1.60E+03	2015.535087	2122500	1.191440058	1.191440058	0.666974848	0.927555178	0.927555178
1.00E+06	1.80E+03	2056.14724	2539259.259	1.516130993	1.516130993	0.853371496	0.929910839	0.929910839
1.00E+06	2.00E+03	2090.479163	2964285.714	1.936976516	1.936976516	1.094968	0.932018049	0.932018049
1.00E+06	2.30E+03	2134.440771	3588571.429	2.783848328	2.783848328	1.581135151	0.934813288	0.934813288
1.00E+06	2.60E+03	2172.12215	4220714.286	3.937874553	3.937874553	2.243631688	0.937265334	0.937265334
1.00E+06	2.90E+03	2206.035391	4859636.364	5.453539148	5.453539148	3.113735437	0.93944932	0.93944932
1.00E+06	3.20E+03	2237.855222	5508727.273	7.385326068	7.385326068	4.222724224	0.941418122	0.941418122
1.00E+06	3.50E+03	2268.000325	6155373.134	9.787719266	9.787719266	5.601875875	0.943210365	0.943210365

1.00E+00	2.00E+02	417.01	-37160	0.25488687	0.25488687	0.129323944	0.885966347	0.885966347
1.00E+00	2.50E+02	567.73	-32160	0.283255285	0.283255285	0.145609516	0.890429218	0.890429218
1.00E+00	2.98E+02	709.67	0	0.308783145	0.308783145	0.160264398	0.89394187	0.89394187
1.00E+00	3.50E+02	853.27	48794.52055	0.334814972	0.334814972	0.175208595	0.897158663	0.897158663
1.00E+00	4.00E+02	984.32	95712.32877	0.358510724	0.358510724	0.188811712	0.899829291	0.899829291
1.00E+00	4.50E+02	1107.00	144178.5714	0.381153403	0.381153403	0.201810287	0.902184952	0.902184952
1.00E+00	5.00E+02	1218.36	204000	0.40299525	0.40299525	0.214349125	0.904292162	0.904292162
1.00E+00	6.00E+02	1403.42	332500	0.445285407	0.445285407	0.238626808	0.907938593	0.907938593
1.00E+00	7.00E+02	1544.52	480814.8148	0.487399121	0.487399121	0.262803199	0.911021607	0.911021607
1.00E+00	8.00E+02	1651.70	635841.2698	0.531354314	0.531354314	0.288036736	0.913692235	0.913692235
1.00E+00	9.00E+02	1735.02	806245.4874	0.579168912	0.579168912	0.315485857	0.916047895	0.916047895
1.00E+00	1.00E+03	1800.33	984223.8267	0.632860839	0.632860839	0.346309	0.918155106	0.918155106
1.00E+00	1.20E+03	1896.63	1350357.143	0.765948375	0.765948375	0.422711104	0.921801537	0.921801537
1.00E+00	1.40E+03	1964.46	1729642.857	0.946760316	0.946760316	0.526510552	0.92488455	0.92488455
1.00E+00	1.60E+03	2015.535087	2122500	1.191440058	1.191440058	0.666974848	0.927555178	0.927555178
1.00E+00	1.80E+03	2056.14724	2539259.259	1.516130993	1.516130993	0.853371496	0.929910839	0.929910839
1.00E+00	2.00E+03	2090.479163	2964285.714	1.936976516	1.936976516	1.094968	0.932018049	0.932018049
1.00E+00	2.30E+03	2134.440771	3588571.429	2.783848328	2.783848328	1.581135151	0.934813288	0.934813288
1.00E+00	2.60E+03	2172.12215	4220714.286	3.937874553	3.937874553	2.243631688	0.937265334	0.937265334
1.00E+00	2.90E+03	2206.035391	4859636.364	5.453539148	5.453539148	3.113735437	0.93944932	0.93944932
1.00E+00	3.20E+03	2237.855222	5508727.273	7.385326068	7.385326068	4.222724224	0.941418122	0.941418122
1.00E+00	3.50E+03	2268.000325	6155373.134	9.787719266	9.787719266	5.601875875	0.943210365	0.943210365

