/*--------------------------------*- C++ -*----------------------------------*\
  =========                 |
  \\      /  F ield         | OpenFOAM: The Open Source CFD Toolbox
   \\    /   O peration     | Website:  https://openfoam.org
    \\  /    A nd           | Version:  7
     \\/     M anipulation  |
\*---------------------------------------------------------------------------*/
FoamFile
{
    version     2.0;
    format      ascii;
    class       faceList;
    location    "constant/porousMat/polyMesh";
    object      faces;
}
// * * * * * * * * * * * * * * * * * * * * * * * * * * * * * * * * * * * * * //


5079
(
3(75 1467 651)
3(76 651 1467)
3(72 1370 554)
3(73 554 1370)
3(73 1115 299)
3(74 299 1115)
3(72 288 1104)
3(71 1104 288)
3(68 1110 294)
3(69 294 1110)
3(66 1117 301)
3(67 301 1117)
3(68 624 1440)
3(67 1440 624)
3(75 637 1453)
3(74 1453 637)
3(66 611 1427)
3(65 1427 611)
3(65 312 1128)
3(64 1128 312)
3(71 630 1446)
3(70 1446 630)
3(69 1488 672)
3(70 672 1488)
3(3 690 1506)
3(76 1506 690)
3(6 1497 681)
3(64 681 1497)
4(105 202 1519 703)
4(77 703 1519 265)
4(4 9 202 105)
4(106 203 1520 704)
4(703 704 1520 1519)
4(105 202 203 106)
4(107 204 1521 705)
4(704 705 1521 1520)
4(106 203 204 107)
4(108 205 1522 706)
4(705 706 1522 1521)
4(107 204 205 108)
4(109 206 1523 707)
4(706 707 1523 1522)
4(108 205 206 109)
4(110 207 1524 708)
4(707 708 1524 1523)
4(109 206 207 110)
4(111 208 1525 709)
4(708 709 1525 1524)
4(110 207 208 111)
4(112 209 1526 710)
4(709 710 1526 1525)
4(111 208 209 112)
4(113 210 1527 711)
4(710 711 1527 1526)
4(112 209 210 113)
4(114 211 1528 712)
4(711 712 1528 1527)
4(113 210 211 114)
4(115 212 1529 713)
4(712 713 1529 1528)
4(114 211 212 115)
4(116 213 1530 714)
4(713 714 1530 1529)
4(115 212 213 116)
4(117 214 1531 715)
4(714 715 1531 1530)
4(116 213 214 117)
4(118 215 1532 716)
4(715 716 1532 1531)
4(117 214 215 118)
4(119 216 1533 717)
4(716 717 1533 1532)
4(118 215 216 119)
4(120 217 1534 718)
4(717 718 1534 1533)
4(119 216 217 120)
4(121 218 1535 719)
4(718 719 1535 1534)
4(120 217 218 121)
4(122 219 1536 720)
4(719 720 1536 1535)
4(121 218 219 122)
4(123 220 1537 721)
4(720 721 1537 1536)
4(122 219 220 123)
4(721 149 282 1537)
4(5 10 282 149)
4(123 220 10 5)
4(703 1519 1538 722)
4(78 722 1538 266)
4(704 1520 1539 723)
4(722 723 1539 1538)
4(705 1521 1540 724)
4(723 724 1540 1539)
4(706 1522 1541 725)
4(724 725 1541 1540)
4(707 1523 1542 726)
4(725 726 1542 1541)
4(708 1524 1543 727)
4(726 727 1543 1542)
4(709 1525 1544 728)
4(727 728 1544 1543)
4(710 1526 1545 729)
4(728 729 1545 1544)
4(711 1527 1546 730)
4(729 730 1546 1545)
4(712 1528 1547 731)
4(730 731 1547 1546)
4(713 1529 1548 732)
4(731 732 1548 1547)
4(714 1530 1549 733)
4(732 733 1549 1548)
4(715 1531 1550 734)
4(733 734 1550 1549)
4(716 1532 1551 735)
4(734 735 1551 1550)
4(717 1533 1552 736)
4(735 736 1552 1551)
4(718 1534 1553 737)
4(736 737 1553 1552)
4(719 1535 1554 738)
4(737 738 1554 1553)
4(720 1536 1555 739)
4(738 739 1555 1554)
4(721 1537 1556 740)
4(739 740 1556 1555)
4(740 150 281 1556)
4(149 282 281 150)
4(722 1538 1557 741)
4(79 741 1557 267)
4(723 1539 1558 742)
4(741 742 1558 1557)
4(724 1540 1559 743)
4(742 743 1559 1558)
4(725 1541 1560 744)
4(743 744 1560 1559)
4(726 1542 1561 745)
4(744 745 1561 1560)
4(727 1543 1562 746)
4(745 746 1562 1561)
4(728 1544 1563 747)
4(746 747 1563 1562)
4(729 1545 1564 748)
4(747 748 1564 1563)
4(730 1546 1565 749)
4(748 749 1565 1564)
4(731 1547 1566 750)
4(749 750 1566 1565)
4(732 1548 1567 751)
4(750 751 1567 1566)
4(733 1549 1568 752)
4(751 752 1568 1567)
4(734 1550 1569 753)
4(752 753 1569 1568)
4(735 1551 1570 754)
4(753 754 1570 1569)
4(736 1552 1571 755)
4(754 755 1571 1570)
4(737 1553 1572 756)
4(755 756 1572 1571)
4(738 1554 1573 757)
4(756 757 1573 1572)
4(739 1555 1574 758)
4(757 758 1574 1573)
4(740 1556 1575 759)
4(758 759 1575 1574)
4(759 151 280 1575)
4(150 281 280 151)
4(741 1557 1576 760)
4(80 760 1576 268)
4(742 1558 1577 761)
4(760 761 1577 1576)
4(743 1559 1578 762)
4(761 762 1578 1577)
4(744 1560 1579 763)
4(762 763 1579 1578)
4(745 1561 1580 764)
4(763 764 1580 1579)
4(746 1562 1581 765)
4(764 765 1581 1580)
4(747 1563 1582 766)
4(765 766 1582 1581)
4(748 1564 1583 767)
4(766 767 1583 1582)
4(749 1565 1584 768)
4(767 768 1584 1583)
4(750 1566 1585 769)
4(768 769 1585 1584)
4(751 1567 1586 770)
4(769 770 1586 1585)
4(752 1568 1587 771)
4(770 771 1587 1586)
4(753 1569 1588 772)
4(771 772 1588 1587)
4(754 1570 1589 773)
4(772 773 1589 1588)
4(755 1571 1590 774)
4(773 774 1590 1589)
4(756 1572 1591 775)
4(774 775 1591 1590)
4(757 1573 1592 776)
4(775 776 1592 1591)
4(758 1574 1593 777)
4(776 777 1593 1592)
4(759 1575 1594 778)
4(777 778 1594 1593)
4(778 152 279 1594)
4(151 280 279 152)
4(760 1576 1595 779)
4(81 779 1595 269)
4(761 1577 1596 780)
4(779 780 1596 1595)
4(762 1578 1597 781)
4(780 781 1597 1596)
4(763 1579 1598 782)
4(781 782 1598 1597)
4(764 1580 1599 783)
4(782 783 1599 1598)
4(765 1581 1600 784)
4(783 784 1600 1599)
4(766 1582 1601 785)
4(784 785 1601 1600)
4(767 1583 1602 786)
4(785 786 1602 1601)
4(768 1584 1603 787)
4(786 787 1603 1602)
4(769 1585 1604 788)
4(787 788 1604 1603)
4(770 1586 1605 789)
4(788 789 1605 1604)
4(771 1587 1606 790)
4(789 790 1606 1605)
4(772 1588 1607 791)
4(790 791 1607 1606)
4(773 1589 1608 792)
4(791 792 1608 1607)
4(774 1590 1609 793)
4(792 793 1609 1608)
4(775 1591 1610 794)
4(793 794 1610 1609)
4(776 1592 1611 795)
4(794 795 1611 1610)
4(777 1593 1612 796)
4(795 796 1612 1611)
4(778 1594 1613 797)
4(796 797 1613 1612)
4(797 153 278 1613)
4(152 279 278 153)
4(779 1595 1614 798)
4(82 798 1614 270)
4(780 1596 1615 799)
4(798 799 1615 1614)
4(781 1597 1616 800)
4(799 800 1616 1615)
4(782 1598 1617 801)
4(800 801 1617 1616)
4(783 1599 1618 802)
4(801 802 1618 1617)
4(784 1600 1619 803)
4(802 803 1619 1618)
4(785 1601 1620 804)
4(803 804 1620 1619)
4(786 1602 1621 805)
4(804 805 1621 1620)
4(787 1603 1622 806)
4(805 806 1622 1621)
4(788 1604 1623 807)
4(806 807 1623 1622)
4(789 1605 1624 808)
4(807 808 1624 1623)
4(790 1606 1625 809)
4(808 809 1625 1624)
4(791 1607 1626 810)
4(809 810 1626 1625)
4(792 1608 1627 811)
4(810 811 1627 1626)
4(793 1609 1628 812)
4(811 812 1628 1627)
4(794 1610 1629 813)
4(812 813 1629 1628)
4(795 1611 1630 814)
4(813 814 1630 1629)
4(796 1612 1631 815)
4(814 815 1631 1630)
4(797 1613 1632 816)
4(815 816 1632 1631)
4(816 154 277 1632)
4(153 278 277 154)
4(798 1614 1633 817)
4(83 817 1633 271)
4(799 1615 1634 818)
4(817 818 1634 1633)
4(800 1616 1635 819)
4(818 819 1635 1634)
4(801 1617 1636 820)
4(819 820 1636 1635)
4(802 1618 1637 821)
4(820 821 1637 1636)
4(803 1619 1638 822)
4(821 822 1638 1637)
4(804 1620 1639 823)
4(822 823 1639 1638)
4(805 1621 1640 824)
4(823 824 1640 1639)
4(806 1622 1641 825)
4(824 825 1641 1640)
4(807 1623 1642 826)
4(825 826 1642 1641)
4(808 1624 1643 827)
4(826 827 1643 1642)
4(809 1625 1644 828)
4(827 828 1644 1643)
4(810 1626 1645 829)
4(828 829 1645 1644)
4(811 1627 1646 830)
4(829 830 1646 1645)
4(812 1628 1647 831)
4(830 831 1647 1646)
4(813 1629 1648 832)
4(831 832 1648 1647)
4(814 1630 1649 833)
4(832 833 1649 1648)
4(815 1631 1650 834)
4(833 834 1650 1649)
4(816 1632 1651 835)
4(834 835 1651 1650)
4(835 155 276 1651)
4(154 277 276 155)
4(817 1633 1652 836)
4(84 836 1652 272)
4(818 1634 1653 837)
4(836 837 1653 1652)
4(819 1635 1654 838)
4(837 838 1654 1653)
4(820 1636 1655 839)
4(838 839 1655 1654)
4(821 1637 1656 840)
4(839 840 1656 1655)
4(822 1638 1657 841)
4(840 841 1657 1656)
4(823 1639 1658 842)
4(841 842 1658 1657)
4(824 1640 1659 843)
4(842 843 1659 1658)
4(825 1641 1660 844)
4(843 844 1660 1659)
4(826 1642 1661 845)
4(844 845 1661 1660)
4(827 1643 1662 846)
4(845 846 1662 1661)
4(828 1644 1663 847)
4(846 847 1663 1662)
4(829 1645 1664 848)
4(847 848 1664 1663)
4(830 1646 1665 849)
4(848 849 1665 1664)
4(831 1647 1666 850)
4(849 850 1666 1665)
4(832 1648 1667 851)
4(850 851 1667 1666)
4(833 1649 1668 852)
4(851 852 1668 1667)
4(834 1650 1669 853)
4(852 853 1669 1668)
4(835 1651 1670 854)
4(853 854 1670 1669)
4(854 156 275 1670)
4(155 276 275 156)
4(836 1652 1671 855)
4(85 855 1671 273)
4(837 1653 1672 856)
4(855 856 1672 1671)
4(838 1654 1673 857)
4(856 857 1673 1672)
4(839 1655 1674 858)
4(857 858 1674 1673)
4(840 1656 1675 859)
4(858 859 1675 1674)
4(841 1657 1676 860)
4(859 860 1676 1675)
4(842 1658 1677 861)
4(860 861 1677 1676)
4(843 1659 1678 862)
4(861 862 1678 1677)
4(844 1660 1679 863)
4(862 863 1679 1678)
4(845 1661 1680 864)
4(863 864 1680 1679)
4(846 1662 1681 865)
4(864 865 1681 1680)
4(847 1663 1682 866)
4(865 866 1682 1681)
4(848 1664 1683 867)
4(866 867 1683 1682)
4(849 1665 1684 868)
4(867 868 1684 1683)
4(850 1666 1685 869)
4(868 869 1685 1684)
4(851 1667 1686 870)
4(869 870 1686 1685)
4(852 1668 1687 871)
4(870 871 1687 1686)
4(853 1669 1688 872)
4(871 872 1688 1687)
4(854 1670 1689 873)
4(872 873 1689 1688)
4(873 157 274 1689)
4(156 275 274 157)
4(855 1671 201 54)
4(856 1672 200 53)
4(857 1673 199 52)
4(858 1674 198 51)
4(859 1675 197 50)
4(860 1676 196 49)
4(861 1677 195 48)
4(862 1678 194 47)
4(863 1679 193 46)
4(864 1680 192 45)
4(865 1681 191 44)
4(866 1682 190 43)
4(867 1683 189 42)
4(868 1684 188 41)
4(869 1685 187 40)
4(870 1686 186 39)
4(871 1687 185 38)
4(872 1688 184 37)
4(873 1689 183 36)
4(157 274 7 1)
4(124 221 1690 874)
4(149 874 1690 282)
4(5 10 221 124)
4(125 222 1691 875)
4(874 875 1691 1690)
4(124 221 222 125)
4(126 223 1692 876)
4(875 876 1692 1691)
4(125 222 223 126)
4(127 224 1693 877)
4(876 877 1693 1692)
4(126 223 224 127)
4(128 225 1694 878)
4(877 878 1694 1693)
4(127 224 225 128)
4(129 226 1695 879)
4(878 879 1695 1694)
4(128 225 226 129)
4(130 227 1696 880)
4(879 880 1696 1695)
4(129 226 227 130)
4(131 228 1697 881)
4(880 881 1697 1696)
4(130 227 228 131)
4(132 229 1698 882)
4(881 882 1698 1697)
4(131 228 229 132)
4(133 230 1699 883)
4(882 883 1699 1698)
4(132 229 230 133)
4(134 231 1700 884)
4(883 884 1700 1699)
4(133 230 231 134)
4(135 232 1701 885)
4(884 885 1701 1700)
4(134 231 232 135)
4(136 233 1702 886)
4(885 886 1702 1701)
4(135 232 233 136)
4(137 234 1703 887)
4(886 887 1703 1702)
4(136 233 234 137)
4(138 235 1704 888)
4(887 888 1704 1703)
4(137 234 235 138)
4(139 236 1705 889)
4(888 889 1705 1704)
4(138 235 236 139)
4(140 237 1706 890)
4(889 890 1706 1705)
4(139 236 237 140)
4(141 238 1707 891)
4(890 891 1707 1706)
4(140 237 238 141)
4(142 239 1708 892)
4(891 892 1708 1707)
4(141 238 239 142)
4(143 240 1709 893)
4(892 893 1709 1708)
4(142 239 240 143)
4(144 241 1710 894)
4(893 894 1710 1709)
4(143 240 241 144)
4(145 242 1711 895)
4(894 895 1711 1710)
4(144 241 242 145)
4(146 243 1712 896)
4(895 896 1712 1711)
4(145 242 243 146)
4(147 244 1713 897)
4(896 897 1713 1712)
4(146 243 244 147)
4(897 898 1714 1713)
4(147 244 245 148)
4(148 245 1714 898)
4(874 1690 1715 899)
4(150 899 1715 281)
4(875 1691 1716 900)
4(899 900 1716 1715)
4(876 1692 1717 901)
4(900 901 1717 1716)
4(877 1693 1718 902)
4(901 902 1718 1717)
4(878 1694 1719 903)
4(902 903 1719 1718)
4(879 1695 1720 904)
4(903 904 1720 1719)
4(880 1696 1721 905)
4(904 905 1721 1720)
4(881 1697 1722 906)
4(905 906 1722 1721)
4(882 1698 1723 907)
4(906 907 1723 1722)
4(883 1699 1724 908)
4(907 908 1724 1723)
4(884 1700 1725 909)
4(908 909 1725 1724)
4(885 1701 1726 910)
4(909 910 1726 1725)
4(886 1702 1727 911)
4(910 911 1727 1726)
4(887 1703 1728 912)
4(911 912 1728 1727)
4(888 1704 1729 913)
4(912 913 1729 1728)
4(889 1705 1730 914)
4(913 914 1730 1729)
4(890 1706 1731 915)
4(914 915 1731 1730)
4(891 1707 1732 916)
4(915 916 1732 1731)
4(892 1708 1733 917)
4(916 917 1733 1732)
4(893 1709 1734 918)
4(917 918 1734 1733)
4(894 1710 1735 919)
4(918 919 1735 1734)
4(895 1711 1736 920)
4(919 920 1736 1735)
4(896 1712 1737 921)
4(920 921 1737 1736)
4(897 1713 1738 922)
4(921 922 1738 1737)
4(922 923 1739 1738)
4(898 1714 1739 923)
4(899 1715 1740 924)
4(151 924 1740 280)
4(900 1716 1741 925)
4(924 925 1741 1740)
4(901 1717 1742 926)
4(925 926 1742 1741)
4(902 1718 1743 927)
4(926 927 1743 1742)
4(903 1719 1744 928)
4(927 928 1744 1743)
4(904 1720 1745 929)
4(928 929 1745 1744)
4(905 1721 1746 930)
4(929 930 1746 1745)
4(906 1722 1747 931)
4(930 931 1747 1746)
4(907 1723 1748 932)
4(931 932 1748 1747)
4(908 1724 1749 933)
4(932 933 1749 1748)
4(909 1725 1750 934)
4(933 934 1750 1749)
4(910 1726 1751 935)
4(934 935 1751 1750)
4(911 1727 1752 936)
4(935 936 1752 1751)
4(912 1728 1753 937)
4(936 937 1753 1752)
4(913 1729 1754 938)
4(937 938 1754 1753)
4(914 1730 1755 939)
4(938 939 1755 1754)
4(915 1731 1756 940)
4(939 940 1756 1755)
4(916 1732 1757 941)
4(940 941 1757 1756)
4(917 1733 1758 942)
4(941 942 1758 1757)
4(918 1734 1759 943)
4(942 943 1759 1758)
4(919 1735 1760 944)
4(943 944 1760 1759)
4(920 1736 1761 945)
4(944 945 1761 1760)
4(921 1737 1762 946)
4(945 946 1762 1761)
4(922 1738 1763 947)
4(946 947 1763 1762)
4(947 948 1764 1763)
4(923 1739 1764 948)
4(924 1740 1765 949)
4(152 949 1765 279)
4(925 1741 1766 950)
4(949 950 1766 1765)
4(926 1742 1767 951)
4(950 951 1767 1766)
4(927 1743 1768 952)
4(951 952 1768 1767)
4(928 1744 1769 953)
4(952 953 1769 1768)
4(929 1745 1770 954)
4(953 954 1770 1769)
4(930 1746 1771 955)
4(954 955 1771 1770)
4(931 1747 1772 956)
4(955 956 1772 1771)
4(932 1748 1773 957)
4(956 957 1773 1772)
4(933 1749 1774 958)
4(957 958 1774 1773)
4(934 1750 1775 959)
4(958 959 1775 1774)
4(935 1751 1776 960)
4(959 960 1776 1775)
4(936 1752 1777 961)
4(960 961 1777 1776)
4(937 1753 1778 962)
4(961 962 1778 1777)
4(938 1754 1779 963)
4(962 963 1779 1778)
4(939 1755 1780 964)
4(963 964 1780 1779)
4(940 1756 1781 965)
4(964 965 1781 1780)
4(941 1757 1782 966)
4(965 966 1782 1781)
4(942 1758 1783 967)
4(966 967 1783 1782)
4(943 1759 1784 968)
4(967 968 1784 1783)
4(944 1760 1785 969)
4(968 969 1785 1784)
4(945 1761 1786 970)
4(969 970 1786 1785)
4(946 1762 1787 971)
4(970 971 1787 1786)
4(947 1763 1788 972)
4(971 972 1788 1787)
4(972 973 1789 1788)
4(948 1764 1789 973)
4(949 1765 1790 974)
4(153 974 1790 278)
4(950 1766 1791 975)
4(974 975 1791 1790)
4(951 1767 1792 976)
4(975 976 1792 1791)
4(952 1768 1793 977)
4(976 977 1793 1792)
4(953 1769 1794 978)
4(977 978 1794 1793)
4(954 1770 1795 979)
4(978 979 1795 1794)
4(955 1771 1796 980)
4(979 980 1796 1795)
4(956 1772 1797 981)
4(980 981 1797 1796)
4(957 1773 1798 982)
4(981 982 1798 1797)
4(958 1774 1799 983)
4(982 983 1799 1798)
4(959 1775 1800 984)
4(983 984 1800 1799)
4(960 1776 1801 985)
4(984 985 1801 1800)
4(961 1777 1802 986)
4(985 986 1802 1801)
4(962 1778 1803 987)
4(986 987 1803 1802)
4(963 1779 1804 988)
4(987 988 1804 1803)
4(964 1780 1805 989)
4(988 989 1805 1804)
4(965 1781 1806 990)
4(989 990 1806 1805)
4(966 1782 1807 991)
4(990 991 1807 1806)
4(967 1783 1808 992)
4(991 992 1808 1807)
4(968 1784 1809 993)
4(992 993 1809 1808)
4(969 1785 1810 994)
4(993 994 1810 1809)
4(970 1786 1811 995)
4(994 995 1811 1810)
4(971 1787 1812 996)
4(995 996 1812 1811)
4(972 1788 1813 997)
4(996 997 1813 1812)
4(997 998 1814 1813)
4(973 1789 1814 998)
4(974 1790 1815 999)
4(154 999 1815 277)
4(975 1791 1816 1000)
4(999 1000 1816 1815)
4(976 1792 1817 1001)
4(1000 1001 1817 1816)
4(977 1793 1818 1002)
4(1001 1002 1818 1817)
4(978 1794 1819 1003)
4(1002 1003 1819 1818)
4(979 1795 1820 1004)
4(1003 1004 1820 1819)
4(980 1796 1821 1005)
4(1004 1005 1821 1820)
4(981 1797 1822 1006)
4(1005 1006 1822 1821)
4(982 1798 1823 1007)
4(1006 1007 1823 1822)
4(983 1799 1824 1008)
4(1007 1008 1824 1823)
4(984 1800 1825 1009)
4(1008 1009 1825 1824)
4(985 1801 1826 1010)
4(1009 1010 1826 1825)
4(986 1802 1827 1011)
4(1010 1011 1827 1826)
4(987 1803 1828 1012)
4(1011 1012 1828 1827)
4(988 1804 1829 1013)
4(1012 1013 1829 1828)
4(989 1805 1830 1014)
4(1013 1014 1830 1829)
4(990 1806 1831 1015)
4(1014 1015 1831 1830)
4(991 1807 1832 1016)
4(1015 1016 1832 1831)
4(992 1808 1833 1017)
4(1016 1017 1833 1832)
4(993 1809 1834 1018)
4(1017 1018 1834 1833)
4(994 1810 1835 1019)
4(1018 1019 1835 1834)
4(995 1811 1836 1020)
4(1019 1020 1836 1835)
4(996 1812 1837 1021)
4(1020 1021 1837 1836)
4(997 1813 1838 1022)
4(1021 1022 1838 1837)
4(1022 1023 1839 1838)
4(998 1814 1839 1023)
4(999 1815 1840 1024)
4(155 1024 1840 276)
4(1000 1816 1841 1025)
4(1024 1025 1841 1840)
4(1001 1817 1842 1026)
4(1025 1026 1842 1841)
4(1002 1818 1843 1027)
4(1026 1027 1843 1842)
4(1003 1819 1844 1028)
4(1027 1028 1844 1843)
4(1004 1820 1845 1029)
4(1028 1029 1845 1844)
4(1005 1821 1846 1030)
4(1029 1030 1846 1845)
4(1006 1822 1847 1031)
4(1030 1031 1847 1846)
4(1007 1823 1848 1032)
4(1031 1032 1848 1847)
4(1008 1824 1849 1033)
4(1032 1033 1849 1848)
4(1009 1825 1850 1034)
4(1033 1034 1850 1849)
4(1010 1826 1851 1035)
4(1034 1035 1851 1850)
4(1011 1827 1852 1036)
4(1035 1036 1852 1851)
4(1012 1828 1853 1037)
4(1036 1037 1853 1852)
4(1013 1829 1854 1038)
4(1037 1038 1854 1853)
4(1014 1830 1855 1039)
4(1038 1039 1855 1854)
4(1015 1831 1856 1040)
4(1039 1040 1856 1855)
4(1016 1832 1857 1041)
4(1040 1041 1857 1856)
4(1017 1833 1858 1042)
4(1041 1042 1858 1857)
4(1018 1834 1859 1043)
4(1042 1043 1859 1858)
4(1019 1835 1860 1044)
4(1043 1044 1860 1859)
4(1020 1836 1861 1045)
4(1044 1045 1861 1860)
4(1021 1837 1862 1046)
4(1045 1046 1862 1861)
4(1022 1838 1863 1047)
4(1046 1047 1863 1862)
4(1047 1048 1864 1863)
4(1023 1839 1864 1048)
4(1024 1840 1865 1049)
4(156 1049 1865 275)
4(1025 1841 1866 1050)
4(1049 1050 1866 1865)
4(1026 1842 1867 1051)
4(1050 1051 1867 1866)
4(1027 1843 1868 1052)
4(1051 1052 1868 1867)
4(1028 1844 1869 1053)
4(1052 1053 1869 1868)
4(1029 1845 1870 1054)
4(1053 1054 1870 1869)
4(1030 1846 1871 1055)
4(1054 1055 1871 1870)
4(1031 1847 1872 1056)
4(1055 1056 1872 1871)
4(1032 1848 1873 1057)
4(1056 1057 1873 1872)
4(1033 1849 1874 1058)
4(1057 1058 1874 1873)
4(1034 1850 1875 1059)
4(1058 1059 1875 1874)
4(1035 1851 1876 1060)
4(1059 1060 1876 1875)
4(1036 1852 1877 1061)
4(1060 1061 1877 1876)
4(1037 1853 1878 1062)
4(1061 1062 1878 1877)
4(1038 1854 1879 1063)
4(1062 1063 1879 1878)
4(1039 1855 1880 1064)
4(1063 1064 1880 1879)
4(1040 1856 1881 1065)
4(1064 1065 1881 1880)
4(1041 1857 1882 1066)
4(1065 1066 1882 1881)
4(1042 1858 1883 1067)
4(1066 1067 1883 1882)
4(1043 1859 1884 1068)
4(1067 1068 1884 1883)
4(1044 1860 1885 1069)
4(1068 1069 1885 1884)
4(1045 1861 1886 1070)
4(1069 1070 1886 1885)
4(1046 1862 1887 1071)
4(1070 1071 1887 1886)
4(1047 1863 1888 1072)
4(1071 1072 1888 1887)
4(1072 1073 1889 1888)
4(1048 1864 1889 1073)
4(1049 1865 1890 1074)
4(157 1074 1890 274)
4(1050 1866 1891 1075)
4(1074 1075 1891 1890)
4(1051 1867 1892 1076)
4(1075 1076 1892 1891)
4(1052 1868 1893 1077)
4(1076 1077 1893 1892)
4(1053 1869 1894 1078)
4(1077 1078 1894 1893)
4(1054 1870 1895 1079)
4(1078 1079 1895 1894)
4(1055 1871 1896 1080)
4(1079 1080 1896 1895)
4(1056 1872 1897 1081)
4(1080 1081 1897 1896)
4(1057 1873 1898 1082)
4(1081 1082 1898 1897)
4(1058 1874 1899 1083)
4(1082 1083 1899 1898)
4(1059 1875 1900 1084)
4(1083 1084 1900 1899)
4(1060 1876 1901 1085)
4(1084 1085 1901 1900)
4(1061 1877 1902 1086)
4(1085 1086 1902 1901)
4(1062 1878 1903 1087)
4(1086 1087 1903 1902)
4(1063 1879 1904 1088)
4(1087 1088 1904 1903)
4(1064 1880 1905 1089)
4(1088 1089 1905 1904)
4(1065 1881 1906 1090)
4(1089 1090 1906 1905)
4(1066 1882 1907 1091)
4(1090 1091 1907 1906)
4(1067 1883 1908 1092)
4(1091 1092 1908 1907)
4(1068 1884 1909 1093)
4(1092 1093 1909 1908)
4(1069 1885 1910 1094)
4(1093 1094 1910 1909)
4(1070 1886 1911 1095)
4(1094 1095 1911 1910)
4(1071 1887 1912 1096)
4(1095 1096 1912 1911)
4(1072 1888 1913 1097)
4(1096 1097 1913 1912)
4(1097 1098 1914 1913)
4(1073 1889 1914 1098)
4(1074 1890 182 35)
4(1075 1891 181 34)
4(1076 1892 180 33)
4(1077 1893 179 32)
4(1078 1894 178 31)
4(1079 1895 177 30)
4(1080 1896 176 29)
4(1081 1897 175 28)
4(1082 1898 174 27)
4(1083 1899 173 26)
4(1084 1900 172 25)
4(1085 1901 171 24)
4(1086 1902 170 23)
4(1087 1903 169 22)
4(1088 1904 168 21)
4(1089 1905 167 20)
4(1090 1906 166 19)
4(1091 1907 165 18)
4(1092 1908 164 17)
4(1093 1909 163 16)
4(1094 1910 162 15)
4(1095 1911 161 14)
4(1096 1912 160 13)
4(1097 1913 159 12)
4(1098 1914 158 11)
4(617 661 1477 1433)
4(504 617 1433 1320)
4(504 1320 1477 661)
4(562 611 1427 1378)
4(301 562 1378 1117)
4(301 1117 1427 611)
4(617 289 1105 1433)
4(289 661 1477 1105)
4(445 555 1371 1261)
4(445 1261 1373 557)
4(555 557 1373 1371)
4(115 212 1299 483)
4(116 483 1299 213)
4(508 512 1328 1324)
4(290 1106 1328 512)
4(290 508 1324 1106)
4(555 1371 1471 655)
4(445 655 1471 1261)
4(620 674 1490 1436)
4(303 620 1436 1119)
4(303 1119 1490 674)
4(472 441 1257 1288)
4(441 675 1491 1257)
4(472 1288 1491 675)
4(293 480 1296 1109)
4(479 293 1109 1295)
4(479 1295 1296 480)
4(285 530 1346 1101)
4(285 1101 1361 545)
4(530 545 1361 1346)
4(516 1332 1413 597)
4(353 597 1413 1169)
4(516 353 1169 1332)
4(594 674 1490 1410)
4(620 594 1410 1436)
4(441 1257 1428 612)
4(472 612 1428 1288)
4(283 1099 1299 483)
4(283 115 212 1099)
4(475 288 1104 1291)
4(288 655 1471 1104)
4(475 1291 1471 655)
4(292 1108 1303 487)
4(292 485 1301 1108)
4(485 487 1303 1301)
4(129 513 1329 226)
4(128 225 1329 513)
4(290 513 1329 1106)
4(129 290 1106 226)
4(505 1321 1413 597)
4(505 516 1332 1321)
4(487 535 1351 1303)
4(292 1108 1351 535)
4(592 599 1415 1408)
4(574 592 1408 1390)
4(574 1390 1415 599)
4(476 295 1111 1292)
4(295 560 1376 1111)
4(476 1292 1376 560)
4(562 665 1481 1378)
4(611 1427 1481 665)
4(480 1296 1297 481)
4(293 481 1297 1109)
4(427 542 1358 1243)
4(542 657 1473 1358)
4(427 1243 1473 657)
4(476 688 1504 1292)
4(295 1111 1504 688)
4(475 630 1446 1291)
4(288 1104 1446 630)
4(294 1110 1330 514)
4(294 478 1294 1110)
4(478 514 1330 1294)
4(427 666 1482 1243)
4(542 1358 1482 666)
4(285 591 1407 1101)
4(530 1346 1407 591)
4(507 512 1328 1323)
4(508 507 1323 1324)
4(572 681 1497 1388)
4(312 572 1388 1128)
4(312 1128 1497 681)
4(373 505 1321 1189)
4(373 1189 1413 597)
4(602 548 1364 1418)
4(602 1418 1465 649)
4(548 649 1465 1364)
4(595 1411 1449 633)
4(595 547 1363 1411)
4(547 633 1449 1363)
4(560 1376 1422 606)
4(295 606 1422 1111)
4(512 513 1329 1328)
4(477 1293 1422 606)
4(477 560 1376 1293)
4(305 529 1345 1121)
4(528 305 1121 1344)
4(528 1344 1345 529)
4(391 507 1323 1207)
4(506 391 1207 1322)
4(506 1322 1323 507)
4(309 477 1293 1125)
4(309 1125 1422 606)
4(373 592 1408 1189)
4(505 1321 1408 592)
4(507 1323 1326 510)
4(391 510 1326 1207)
4(316 538 1354 1132)
4(318 1134 1354 538)
4(318 316 1132 1134)
4(545 583 1399 1361)
4(285 1101 1399 583)
4(514 447 1263 1330)
4(514 1330 1331 515)
4(447 515 1331 1263)
4(471 469 1285 1287)
4(469 676 1492 1285)
4(471 1287 1492 676)
4(519 1335 1400 584)
4(519 448 1264 1335)
4(448 584 1400 1264)
4(602 648 1464 1418)
4(548 1364 1464 648)
4(489 535 1351 1305)
4(487 489 1305 1303)
4(138 235 1407 591)
4(139 591 1407 236)
4(508 1324 1401 585)
4(290 585 1401 1106)
4(514 608 1424 1330)
4(447 1263 1424 608)
4(449 608 1424 1265)
4(514 449 1265 1330)
4(288 555 1371 1104)
4(305 590 1406 1121)
4(529 1345 1406 590)
4(489 570 1386 1305)
4(535 1351 1386 570)
4(294 1110 1331 515)
4(381 509 1325 1197)
4(362 1178 1325 509)
4(362 381 1197 1178)
4(293 1109 1457 641)
4(479 641 1457 1295)
4(389 1205 1326 510)
4(423 510 1326 1239)
4(389 423 1239 1205)
4(551 419 1235 1367)
4(419 552 1368 1235)
4(551 1367 1368 552)
4(644 671 1487 1460)
4(619 1435 1487 671)
4(619 644 1460 1435)
4(401 1217 1334 518)
4(401 517 1333 1217)
4(517 518 1334 1333)
4(373 599 1415 1189)
4(315 1131 1338 522)
4(420 522 1338 1236)
4(315 420 1236 1131)
4(559 454 1270 1375)
4(559 1375 1404 588)
4(454 588 1404 1270)
4(553 304 1120 1369)
4(553 1369 1500 684)
4(304 684 1500 1120)
4(518 1334 1400 584)
4(518 519 1335 1334)
4(437 595 1411 1253)
4(437 1253 1449 633)
4(501 592 1408 1317)
4(574 501 1317 1390)
4(562 1378 1470 654)
4(301 654 1470 1117)
4(553 1369 1458 642)
4(553 552 1368 1369)
4(552 642 1458 1368)
4(471 686 1502 1287)
4(469 1285 1502 686)
4(302 1118 1432 616)
4(302 484 1300 1118)
4(484 616 1432 1300)
4(316 521 1337 1132)
4(521 538 1354 1337)
4(635 639 1455 1451)
4(586 1402 1455 639)
4(586 635 1451 1402)
4(422 1238 1354 538)
4(422 318 1134 1238)
4(309 702 1518 1125)
4(477 1293 1518 702)
4(314 315 1131 1130)
4(314 1130 1338 522)
4(401 1217 1400 584)
4(637 523 1339 1453)
4(523 660 1476 1339)
4(637 1453 1476 660)
4(645 1461 1513 697)
4(645 603 1419 1461)
4(603 697 1513 1419)
4(478 1294 1488 672)
4(294 672 1488 1110)
4(525 523 1339 1341)
4(525 1341 1453 637)
4(284 1100 1458 642)
4(284 553 1369 1100)
4(585 616 1432 1401)
4(508 1324 1432 616)
4(510 512 1328 1326)
4(557 558 1374 1373)
4(445 1261 1374 558)
4(564 287 1103 1380)
4(564 1380 1468 652)
4(287 652 1468 1103)
4(552 582 1398 1368)
4(459 1275 1398 582)
4(459 552 1368 1275)
4(550 419 1235 1366)
4(550 1366 1367 551)
4(310 522 1338 1126)
4(310 1126 1341 525)
4(522 525 1341 1338)
4(419 582 1398 1235)
4(339 578 1394 1155)
4(578 656 1472 1394)
4(339 1155 1472 656)
4(570 1386 1434 618)
4(489 618 1434 1305)
4(286 570 1386 1102)
4(286 1102 1434 618)
4(585 302 1118 1401)
4(291 602 1418 1107)
4(291 1107 1465 649)
4(528 591 1407 1344)
4(305 1121 1407 591)
4(391 389 1205 1207)
4(644 558 1374 1460)
4(558 671 1487 1374)
4(653 1469 1480 664)
4(567 664 1480 1383)
4(653 567 1383 1469)
4(339 667 1483 1155)
4(578 1394 1483 667)
4(553 668 1484 1369)
4(304 1120 1484 668)
4(572 148 245 1388)
4(148 681 1497 245)
4(447 561 1377 1263)
4(515 1331 1377 561)
4(372 639 1455 1188)
4(635 372 1188 1451)
4(510 1326 1327 511)
4(423 511 1327 1239)
4(391 1207 1325 509)
4(506 509 1325 1322)
4(314 296 1112 1130)
4(296 315 1131 1112)
4(316 296 1112 1132)
4(296 521 1337 1112)
4(381 391 1207 1197)
4(555 556 1372 1371)
4(556 557 1373 1372)
4(483 1299 1457 641)
4(116 641 1457 213)
4(88 248 1130 314)
4(88 296 1112 248)
4(578 1394 1462 646)
4(578 577 1393 1394)
4(577 646 1462 1393)
4(533 289 1105 1349)
4(533 1349 1433 617)
4(470 473 1289 1286)
4(470 1286 1503 687)
4(473 687 1503 1289)
4(483 636 1452 1299)
4(283 1099 1452 636)
4(470 691 1507 1286)
4(473 1289 1507 691)
4(285 138 235 1101)
4(401 549 1365 1217)
4(517 1333 1365 549)
4(576 495 1311 1392)
4(576 1392 1393 577)
4(495 577 1393 1311)
4(360 601 1417 1176)
4(527 1343 1417 601)
4(527 360 1176 1343)
4(396 550 1366 1212)
4(398 1214 1366 550)
4(398 396 1212 1214)
4(625 640 1456 1441)
4(369 1185 1456 640)
4(369 625 1441 1185)
4(509 596 1412 1325)
4(362 1178 1412 596)
4(596 615 1431 1412)
4(374 596 1412 1190)
4(374 1190 1431 615)
4(559 605 1421 1375)
4(454 1270 1421 605)
4(545 426 1242 1361)
4(545 1361 1362 546)
4(426 546 1362 1242)
4(528 530 1346 1344)
4(476 526 1342 1292)
4(526 688 1504 1342)
4(557 631 1447 1373)
4(558 1374 1447 631)
4(420 523 1339 1236)
4(522 1338 1339 523)
4(646 656 1472 1462)
4(287 1103 1478 662)
4(564 662 1478 1380)
4(422 1238 1441 625)
4(520 625 1441 1336)
4(422 520 1336 1238)
4(139 305 1121 236)
4(555 554 1370 1371)
4(554 556 1372 1370)
4(363 563 1379 1179)
4(469 1285 1379 563)
4(469 363 1179 1285)
4(544 426 1242 1360)
4(544 1360 1361 545)
4(91 251 1349 533)
4(91 289 1105 251)
4(456 1272 1347 531)
4(406 531 1347 1222)
4(456 406 1222 1272)
4(484 1300 1450 634)
4(302 634 1450 1118)
4(396 419 1235 1212)
4(538 696 1512 1354)
4(422 1238 1512 696)
4(344 559 1375 1160)
4(344 1160 1404 588)
4(531 1347 1348 532)
4(531 455 1271 1347)
4(455 532 1348 1271)
4(575 495 1311 1391)
4(575 1391 1392 576)
4(634 1450 1458 642)
4(634 284 1100 1450)
4(360 357 1173 1176)
4(357 601 1417 1173)
4(93 253 1355 539)
4(93 300 1116 253)
4(300 539 1355 1116)
4(315 1131 1132 316)
4(456 1272 1348 532)
4(298 653 1469 1114)
4(298 1114 1480 664)
4(509 615 1431 1325)
4(87 247 1130 314)
4(95 255 1359 543)
4(95 286 1102 255)
4(286 543 1359 1102)
4(296 89 249 1112)
4(89 521 1337 249)
4(532 645 1461 1348)
4(532 1348 1513 697)
4(310 1126 1130 314)
4(310 87 247 1126)
4(540 1356 1395 579)
4(450 579 1395 1266)
4(540 450 1266 1356)
4(559 700 1516 1375)
4(605 1421 1516 700)
4(320 422 1238 1136)
4(320 1136 1441 625)
4(449 442 1258 1265)
4(442 608 1424 1258)
4(577 639 1455 1393)
4(372 577 1393 1188)
4(484 457 1273 1300)
4(457 616 1432 1273)
4(90 250 1349 533)
4(406 390 1206 1222)
4(390 531 1347 1206)
4(519 632 1448 1335)
4(448 1264 1448 632)
4(420 524 1340 1236)
4(523 1339 1340 524)
4(480 1296 1334 518)
4(481 518 1334 1297)
4(400 1216 1360 544)
4(400 426 1242 1216)
4(559 360 1176 1375)
4(360 700 1516 1176)
4(347 541 1357 1163)
4(334 1150 1357 541)
4(334 347 1163 1150)
4(660 524 1340 1476)
4(660 1476 1508 692)
4(524 692 1508 1340)
4(519 534 1350 1335)
4(534 632 1448 1350)
4(103 263 1382 566)
4(103 313 1129 263)
4(313 566 1382 1129)
4(92 252 1355 539)
4(307 603 1419 1123)
4(307 1123 1461 645)
4(288 554 1370 1104)
4(363 327 1143 1179)
4(327 563 1379 1143)
4(316 317 1133 1132)
4(315 1131 1133 317)
4(492 575 1391 1308)
4(494 1310 1391 575)
4(494 492 1308 1310)
4(94 254 1359 543)
4(347 542 1358 1163)
4(541 1357 1358 542)
4(492 495 1311 1308)
4(521 1337 1349 533)
4(521 90 250 1337)
4(551 1367 1369 553)
4(426 1242 1366 550)
4(426 398 1214 1242)
4(538 617 1433 1354)
4(617 696 1512 1433)
4(420 581 1397 1236)
4(524 1340 1397 581)
4(146 309 1125 243)
4(146 243 1422 606)
4(317 1133 1134 318)
4(365 540 1356 1181)
4(365 1181 1395 579)
4(102 262 1382 566)
4(86 246 1126 310)
4(484 1300 1458 642)
4(326 568 1384 1142)
4(329 326 1142 1145)
4(329 1145 1384 568)
4(568 574 1390 1384)
4(568 1384 1415 599)
4(325 1141 1389 573)
4(325 345 1161 1141)
4(345 573 1389 1161)
4(318 319 1135 1134)
4(317 1133 1135 319)
4(332 1148 1357 541)
4(332 334 1150 1148)
4(352 536 1352 1168)
4(536 537 1353 1352)
4(352 1168 1353 537)
4(98 258 1351 535)
4(98 292 1108 258)
4(513 680 1496 1329)
4(128 225 1496 680)
4(602 306 1122 1418)
4(306 648 1464 1122)
4(340 1156 1381 565)
4(340 343 1159 1156)
4(343 565 1381 1159)
4(319 1135 1136 320)
4(318 320 1136 1134)
4(515 624 1440 1331)
4(294 1110 1440 624)
4(414 1230 1360 544)
4(414 400 1216 1230)
4(588 610 1426 1404)
4(346 588 1404 1162)
4(346 1162 1426 610)
4(576 1392 1394 578)
4(533 538 1354 1349)
4(454 610 1426 1270)
4(347 547 1363 1163)
4(347 1163 1411 595)
4(442 382 1198 1258)
4(382 580 1396 1198)
4(442 1258 1396 580)
4(289 92 252 1105)
4(289 1105 1355 539)
4(377 1193 1365 549)
4(361 549 1365 1177)
4(377 361 1177 1193)
4(563 676 1492 1379)
4(443 1259 1409 593)
4(404 593 1409 1220)
4(443 404 1220 1259)
4(517 480 1296 1333)
4(478 449 1265 1294)
4(549 1365 1414 598)
4(549 376 1192 1365)
4(376 598 1414 1192)
4(352 330 1146 1168)
4(330 536 1352 1146)
4(97 257 1351 535)
4(436 548 1364 1252)
4(461 436 1252 1277)
4(461 1277 1364 548)
4(401 377 1193 1217)
4(636 673 1489 1452)
4(663 1479 1489 673)
4(663 636 1452 1479)
4(517 1333 1414 598)
4(286 96 256 1102)
4(96 570 1386 256)
4(326 324 1140 1142)
4(324 568 1384 1140)
4(320 321 1137 1136)
4(319 1135 1137 321)
4(455 430 1246 1271)
4(455 1271 1281 465)
4(430 465 1281 1246)
4(300 94 254 1116)
4(300 1116 1359 543)
4(546 583 1399 1362)
4(511 512 1328 1327)
4(338 1154 1381 565)
4(338 340 1156 1154)
4(321 1137 1138 322)
4(320 322 1138 1136)
4(407 430 1246 1223)
4(407 1223 1271 455)
4(536 332 1148 1352)
4(536 1352 1357 541)
4(423 594 1410 1239)
4(511 1327 1410 594)
4(323 325 1141 1139)
4(323 1139 1389 573)
4(347 336 1152 1163)
4(336 547 1363 1152)
4(546 1362 1366 550)
4(441 529 1345 1257)
4(529 675 1491 1345)
4(385 390 1206 1201)
4(385 1201 1222 406)
4(419 394 1210 1235)
4(394 582 1398 1210)
4(323 322 1138 1139)
4(323 1139 1140 324)
4(322 324 1140 1138)
4(505 498 1314 1321)
4(498 516 1332 1314)
4(384 385 1201 1200)
4(371 384 1200 1187)
4(371 1187 1201 385)
4(325 324 1140 1141)
4(325 1141 1142 326)
4(361 376 1192 1177)
4(334 1150 1152 336)
4(335 336 1152 1151)
4(334 335 1151 1150)
4(327 326 1142 1143)
4(326 328 1144 1142)
4(327 1143 1144 328)
4(321 1137 1139 323)
4(333 334 1150 1149)
4(332 333 1149 1148)
4(330 1146 1148 332)
4(331 332 1148 1147)
4(330 331 1147 1146)
4(328 1144 1146 330)
4(329 330 1146 1145)
4(328 329 1145 1144)
4(384 390 1206 1200)
4(436 456 1272 1252)
4(456 548 1364 1272)
4(546 1362 1367 551)
4(345 1161 1179 363)
4(345 327 1143 1161)
4(537 471 1287 1353)
4(537 1353 1492 676)
4(325 1141 1143 327)
4(465 645 1461 1281)
4(455 1271 1461 645)
4(547 565 1381 1363)
4(565 633 1449 1381)
4(420 317 1133 1236)
4(317 581 1397 1133)
4(425 564 1380 1241)
4(460 425 1241 1276)
4(460 1276 1380 564)
4(674 468 1284 1490)
4(468 685 1501 1284)
4(674 1490 1501 685)
4(328 1144 1168 352)
4(147 309 1125 244)
4(121 569 1385 218)
4(297 121 218 1113)
4(297 1113 1385 569)
4(336 337 1153 1152)
4(337 338 1154 1153)
4(336 1152 1154 338)
4(560 593 1409 1376)
4(476 1292 1409 593)
4(365 469 1285 1181)
4(469 540 1356 1285)
4(547 338 1154 1363)
4(147 244 1388 572)
4(436 406 1222 1252)
4(516 575 1391 1332)
4(516 1332 1392 576)
4(349 1165 1176 360)
4(349 357 1173 1165)
4(511 513 1329 1327)
4(354 351 1167 1170)
4(351 355 1171 1167)
4(354 1170 1171 355)
4(339 340 1156 1155)
4(338 339 1155 1154)
4(350 1166 1167 351)
4(350 346 1162 1166)
4(346 351 1167 1162)
4(364 363 1179 1180)
4(363 365 1181 1179)
4(364 1180 1181 365)
4(457 434 1250 1273)
4(434 458 1274 1250)
4(457 1273 1274 458)
4(343 1159 1162 346)
4(343 342 1158 1159)
4(342 346 1162 1158)
4(498 1314 1391 575)
4(498 494 1310 1314)
4(341 342 1158 1157)
4(340 341 1157 1156)
4(340 1156 1158 342)
4(528 440 1256 1344)
4(440 530 1346 1256)
4(435 406 1222 1251)
4(435 1251 1252 436)
4(342 1158 1160 344)
4(341 344 1160 1157)
4(560 443 1259 1376)
4(458 507 1323 1274)
4(458 1274 1324 508)
4(339 341 1157 1155)
4(335 337 1153 1151)
4(358 361 1177 1174)
4(355 1171 1177 361)
4(355 358 1174 1171)
4(333 335 1151 1149)
4(439 436 1252 1255)
4(439 1255 1277 461)
4(104 313 1129 264)
4(390 407 1223 1206)
4(407 531 1347 1223)
4(349 559 1375 1165)
4(344 349 1165 1160)
4(468 467 1283 1284)
4(468 1284 1439 623)
4(467 623 1439 1283)
4(530 544 1360 1346)
4(337 339 1155 1153)
4(350 1166 1170 354)
4(561 446 1262 1377)
4(446 562 1378 1262)
4(561 1377 1378 562)
4(345 1161 1180 364)
4(331 333 1149 1147)
4(366 365 1181 1182)
4(366 1182 1395 579)
4(473 461 1277 1289)
4(461 474 1290 1277)
4(473 1289 1290 474)
4(411 1227 1250 434)
4(411 386 1202 1227)
4(386 434 1250 1202)
4(428 430 1246 1244)
4(407 428 1244 1223)
4(342 1158 1404 588)
4(411 1227 1273 457)
4(343 1159 1166 350)
4(551 1367 1500 684)
4(329 331 1147 1145)
4(368 379 1195 1184)
4(379 380 1196 1195)
4(368 1184 1196 380)
4(324 369 1185 1140)
4(369 568 1384 1185)
4(425 472 1288 1241)
4(472 564 1380 1288)
4(421 425 1241 1237)
4(421 1237 1276 460)
4(458 506 1322 1274)
4(389 408 1224 1205)
4(408 423 1239 1224)
4(440 414 1230 1256)
4(440 1256 1360 544)
4(122 219 1127 311)
4(123 311 1127 220)
4(433 1249 1267 451)
4(433 432 1248 1249)
4(432 451 1267 1248)
4(404 402 1218 1220)
4(402 593 1409 1218)
4(122 219 1385 569)
4(311 569 1385 1127)
4(298 102 262 1114)
4(298 1114 1382 566)
4(433 1249 1268 452)
4(451 452 1268 1267)
4(479 452 1268 1295)
4(452 483 1299 1268)
4(479 1295 1299 483)
4(410 432 1248 1226)
4(410 1226 1249 433)
4(358 376 1192 1174)
4(99 292 1108 259)
4(421 403 1219 1237)
4(403 425 1241 1219)
4(361 362 1178 1177)
4(355 1171 1178 362)
4(390 392 1208 1206)
4(392 407 1223 1208)
4(412 404 1220 1228)
4(412 1228 1259 443)
4(362 1178 1193 377)
4(366 379 1195 1182)
4(368 366 1182 1184)
4(351 358 1174 1167)
4(101 261 1114 298)
4(424 1240 1284 468)
4(424 467 1283 1240)
4(299 556 1372 1115)
4(554 299 1115 1370)
4(380 1196 1218 402)
4(379 402 1218 1195)
4(322 369 1185 1138)
4(402 403 1219 1218)
4(402 1218 1237 421)
4(377 381 1197 1193)
4(381 388 1204 1197)
4(388 389 1205 1204)
4(381 1197 1205 389)
4(328 563 1379 1144)
4(441 1257 1344 528)
4(441 440 1256 1257)
4(343 589 1405 1159)
4(565 1381 1405 589)
4(408 584 1400 1224)
4(448 408 1224 1264)
4(355 1171 1412 596)
4(405 1221 1228 412)
4(405 404 1220 1221)
4(412 1228 1262 446)
4(443 446 1262 1259)
4(613 619 1435 1429)
4(573 613 1429 1389)
4(573 1389 1435 619)
4(425 450 1266 1241)
4(450 472 1288 1266)
4(377 388 1204 1193)
4(385 1201 1251 435)
4(357 371 1187 1173)
4(371 601 1417 1187)
4(481 519 1335 1297)
4(571 323 1139 1387)
4(571 1387 1389 573)
4(388 408 1224 1204)
4(453 1269 1295 479)
4(453 452 1268 1269)
4(388 584 1400 1204)
4(371 383 1199 1187)
4(383 384 1200 1199)
4(594 468 1284 1410)
4(380 1196 1220 404)
4(378 321 1137 1194)
4(321 571 1387 1137)
4(378 1194 1387 571)
4(364 1180 1182 366)
4(423 1239 1240 424)
4(408 424 1240 1224)
4(310 1126 1467 651)
4(525 651 1467 1341)
4(459 457 1273 1275)
4(459 1275 1300 484)
4(506 615 1431 1322)
4(370 371 1187 1186)
4(357 370 1186 1173)
4(374 354 1170 1190)
4(354 596 1412 1170)
4(286 629 1445 1102)
4(543 1359 1445 629)
4(319 1135 1194 378)
4(613 417 1233 1429)
4(417 619 1435 1233)
4(435 1251 1255 439)
4(416 1232 1256 440)
4(416 414 1230 1232)
4(369 574 1390 1185)
4(309 1125 1388 572)
4(439 1255 1289 473)
4(476 460 1276 1292)
4(460 526 1342 1276)
4(387 386 1202 1203)
4(387 1203 1227 411)
4(475 449 1265 1291)
4(475 1291 1294 478)
4(374 386 1202 1190)
4(375 1191 1202 386)
4(375 374 1190 1191)
4(466 430 1246 1282)
4(430 567 1383 1246)
4(466 1282 1383 567)
4(499 498 1314 1315)
4(499 1315 1321 505)
4(344 348 1164 1160)
4(348 349 1165 1164)
4(359 354 1170 1175)
4(359 1175 1190 374)
4(434 506 1322 1250)
4(400 398 1214 1216)
4(349 356 1172 1165)
4(356 357 1173 1172)
4(376 1192 1226 410)
4(376 409 1225 1192)
4(409 410 1226 1225)
4(431 432 1248 1247)
4(410 431 1247 1226)
4(447 412 1228 1263)
4(412 561 1377 1228)
4(465 1281 1282 466)
4(379 403 1219 1195)
4(410 598 1414 1226)
4(388 1204 1217 401)
4(444 1260 1265 449)
4(444 442 1258 1260)
4(542 1358 1411 595)
4(481 534 1350 1297)
4(491 488 1304 1307)
4(488 586 1402 1304)
4(491 1307 1402 586)
4(145 295 1111 242)
4(144 241 1111 295)
4(396 394 1210 1212)
4(534 699 1515 1350)
4(632 1448 1515 699)
4(126 587 1403 223)
4(125 222 1403 587)
4(453 1269 1296 480)
4(435 601 1417 1251)
4(385 1201 1417 601)
4(424 594 1410 1240)
4(492 491 1307 1308)
4(491 495 1311 1307)
4(352 563 1379 1168)
4(433 1249 1269 453)
4(467 448 1264 1283)
4(467 1283 1448 632)
4(537 666 1482 1353)
4(427 537 1353 1243)
4(450 403 1219 1266)
4(403 579 1395 1219)
4(421 1237 1292 476)
4(520 640 1456 1336)
4(424 448 1264 1240)
4(497 1313 1314 498)
4(497 494 1310 1313)
4(120 217 1113 297)
4(435 527 1343 1251)
4(623 685 1501 1439)
4(405 1221 1263 447)
4(443 477 1293 1259)
4(446 1262 1293 477)
4(384 392 1208 1200)
4(453 598 1414 1269)
4(433 1249 1414 598)
4(380 1196 1221 405)
4(416 1232 1257 441)
4(411 1227 1275 459)
4(428 567 1383 1244)
4(379 1195 1395 579)
4(367 366 1182 1183)
4(367 1183 1184 368)
4(117 214 1109 293)
4(118 293 1109 215)
4(490 1306 1307 491)
4(490 488 1304 1306)
4(453 517 1333 1269)
4(130 290 1106 227)
4(341 348 1164 1157)
4(131 228 1118 302)
4(132 302 1118 229)
4(418 1234 1258 442)
4(418 382 1198 1234)
4(350 1166 1175 359)
4(141 238 1103 287)
4(142 287 1103 239)
4(310 690 1506 1126)
4(86 246 1506 690)
4(358 409 1225 1174)
4(392 428 1244 1208)
4(368 580 1396 1184)
4(382 368 1184 1198)
4(133 230 1100 284)
4(134 284 1100 231)
4(486 586 1402 1302)
4(488 486 1302 1304)
4(495 639 1455 1311)
4(386 1202 1431 615)
4(375 1191 1203 387)
4(421 593 1409 1237)
4(431 470 1286 1247)
4(432 1248 1286 470)
4(359 1175 1191 375)
4(130 227 1401 585)
4(131 585 1401 228)
4(140 305 1121 237)
4(329 1145 1415 599)
4(135 232 1120 304)
4(136 304 1120 233)
4(409 431 1247 1225)
4(387 582 1398 1203)
4(394 387 1203 1210)
4(580 608 1424 1396)
4(372 646 1462 1188)
4(141 590 1406 238)
4(140 237 1406 590)
4(114 211 1099 283)
4(651 690 1506 1467)
4(370 383 1199 1186)
4(137 234 1101 285)
4(351 1167 1426 610)
4(348 356 1172 1164)
4(562 621 1437 1378)
4(621 665 1481 1437)
4(335 353 1169 1151)
4(337 1153 1169 353)
4(356 370 1186 1172)
4(458 616 1432 1274)
4(97 570 1386 257)
4(333 1149 1189 373)
4(331 373 1189 1147)
4(145 242 1422 606)
4(434 615 1431 1250)
4(287 590 1406 1103)
4(542 1358 1463 647)
4(595 647 1463 1411)
4(497 1313 1315 499)
4(345 613 1429 1161)
4(114 600 1416 211)
4(113 210 1416 600)
4(126 223 1119 303)
4(127 303 1119 224)
4(490 1306 1308 492)
4(380 580 1396 1196)
4(411 582 1398 1227)
4(499 1315 1408 592)
4(319 581 1397 1135)
4(415 1231 1232 416)
4(415 414 1230 1231)
4(304 583 1399 1120)
4(583 684 1500 1399)
4(439 527 1343 1255)
4(113 306 1122 210)
4(112 209 1122 306)
4(364 1180 1183 367)
4(350 589 1405 1166)
4(358 610 1426 1174)
4(409 1225 1426 610)
4(574 1390 1456 640)
4(283 600 1416 1099)
4(413 1229 1230 414)
4(413 400 1216 1229)
4(367 1183 1198 382)
4(485 1301 1466 650)
4(292 650 1466 1108)
4(444 1260 1291 475)
4(393 387 1203 1209)
4(393 1209 1210 394)
4(438 677 1493 1254)
4(438 1254 1502 686)
4(677 686 1502 1493)
4(399 1215 1216 400)
4(399 398 1214 1215)
4(303 587 1403 1119)
4(395 394 1210 1211)
4(395 1211 1212 396)
4(397 396 1212 1213)
4(397 1213 1214 398)
4(335 1151 1413 597)
4(333 597 1413 1149)
4(491 1307 1455 639)
4(428 462 1278 1244)
4(462 567 1383 1278)
4(418 1234 1260 444)
4(112 602 1418 209)
4(111 208 1418 602)
4(478 630 1446 1294)
4(541 1357 1482 666)
4(331 1147 1415 599)
4(537 670 1486 1353)
4(471 1287 1486 670)
4(466 1282 1474 658)
4(466 628 1444 1282)
4(628 658 1474 1444)
4(143 688 1504 240)
4(526 143 240 1342)
4(111 291 1107 208)
4(110 207 1107 291)
4(428 429 1245 1244)
4(429 462 1278 1245)
4(462 463 1279 1278)
4(463 482 1298 1279)
4(462 1278 1298 482)
4(409 454 1270 1225)
4(431 1247 1270 454)
4(405 580 1396 1221)
4(415 1231 1254 438)
4(416 438 1254 1232)
4(359 589 1405 1175)
4(375 1191 1209 393)
4(378 581 1397 1194)
4(470 700 1516 1286)
4(691 1507 1516 700)
4(306 1122 1416 600)
4(459 642 1458 1275)
4(110 603 1419 207)
4(109 206 1419 603)
4(109 307 1123 206)
4(108 205 1123 307)
4(504 502 1318 1320)
4(502 520 1336 1318)
4(504 1320 1336 520)
4(501 499 1315 1317)
4(431 605 1421 1247)
4(470 1286 1421 605)
4(500 499 1315 1316)
4(500 1316 1317 501)
4(107 308 1124 204)
4(106 203 1124 308)
4(108 604 1420 205)
4(107 204 1420 604)
4(413 1229 1231 415)
4(452 636 1452 1268)
4(393 395 1211 1209)
4(393 1209 1253 437)
4(395 437 1253 1211)
4(383 614 1430 1199)
4(384 1200 1430 614)
4(461 648 1464 1277)
4(474 1290 1464 648)
4(415 1231 1287 471)
4(438 471 1287 1254)
4(399 1215 1229 413)
4(395 1211 1213 397)
4(399 1215 1243 427)
4(413 427 1243 1229)
4(493 492 1308 1309)
4(493 1309 1310 494)
4(397 1213 1215 399)
4(322 1138 1441 625)
4(364 613 1429 1180)
4(496 1312 1313 497)
4(496 494 1310 1312)
4(486 626 1442 1302)
4(586 1402 1442 626)
4(370 1186 1188 372)
4(356 372 1188 1172)
4(614 1430 1442 626)
4(383 626 1442 1199)
4(405 1221 1424 608)
4(460 1276 1468 652)
4(416 612 1428 1232)
4(438 1254 1428 612)
4(392 429 1245 1208)
4(489 488 1304 1305)
4(489 1305 1306 490)
4(636 451 1267 1452)
4(451 673 1489 1267)
4(500 502 1318 1316)
4(502 503 1319 1318)
4(500 1316 1319 503)
4(367 613 1429 1183)
4(375 609 1425 1191)
4(359 1175 1425 609)
4(417 382 1198 1233)
4(417 1233 1234 418)
4(456 1272 1465 649)
4(532 649 1465 1348)
4(487 486 1302 1303)
4(487 1303 1304 488)
4(485 1301 1302 486)
4(485 464 1280 1301)
4(464 486 1302 1280)
4(490 1306 1309 493)
4(367 1183 1233 417)
4(497 1313 1316 500)
4(463 429 1245 1279)
4(463 1279 1280 464)
4(429 464 1280 1245)
4(501 502 1318 1317)
4(501 1317 1456 640)
4(583 1399 1514 698)
4(304 698 1514 1120)
4(418 1234 1261 445)
4(444 445 1261 1260)
4(497 607 1423 1313)
4(496 1312 1423 607)
4(618 629 1445 1434)
4(493 1309 1312 496)
4(393 609 1425 1209)
4(125 222 1438 622)
4(587 622 1438 1403)
4(647 657 1473 1463)
4(631 1447 1508 692)
4(557 692 1508 1373)
4(669 1485 1499 683)
4(482 683 1499 1298)
4(669 482 1298 1485)
4(463 1279 1301 485)
4(503 1319 1320 504)
4(589 1405 1425 609)
4(658 1474 1498 682)
4(658 604 1420 1474)
4(604 682 1498 1420)
4(437 609 1425 1253)
4(445 1261 1460 644)
4(124 221 1438 622)
4(291 603 1419 1107)
4(511 620 1436 1327)
4(513 1329 1436 620)
4(133 230 1450 634)
4(536 666 1482 1352)
4(392 1208 1430 614)
4(352 1168 1492 676)
4(612 677 1493 1428)
4(132 634 1450 229)
4(307 604 1420 1123)
4(500 607 1423 1316)
4(309 1125 1437 621)
4(572 621 1437 1388)
4(308 1124 1420 604)
4(571 1387 1435 619)
4(569 1385 1439 623)
4(311 623 1439 1127)
4(503 607 1423 1319)
4(490 618 1434 1306)
4(119 699 1515 216)
4(534 119 216 1350)
4(100 669 1485 260)
4(100 260 1499 683)
4(493 618 1434 1309)
4(630 1446 1488 672)
4(467 689 1505 1283)
4(623 1439 1505 689)
4(464 614 1430 1280)
4(464 1280 1442 626)
4(465 682 1498 1281)
4(645 1461 1498 682)
4(117 214 1457 641)
4(292 1108 1499 683)
4(99 683 1499 259)
4(313 701 1517 1129)
4(566 1382 1517 701)
4(429 1245 1430 614)
4(427 670 1486 1243)
4(539 1355 1459 643)
4(300 643 1459 1116)
4(562 1378 1518 702)
4(446 702 1518 1262)
4(106 627 1443 203)
4(105 202 1443 627)
4(629 496 1312 1445)
4(629 1445 1454 638)
4(496 638 1454 1312)
4(627 308 1124 1443)
4(627 1443 1444 628)
4(308 628 1444 1124)
4(502 1318 1456 640)
4(293 659 1475 1109)
4(481 1297 1475 659)
4(581 631 1447 1397)
4(524 1340 1447 631)
4(378 631 1447 1194)
4(284 668 1484 1100)
4(370 1186 1451 635)
4(493 1309 1445 629)
4(337 667 1483 1153)
4(472 1288 1493 677)
4(450 677 1493 1266)
4(144 688 1504 241)
4(516 695 1511 1332)
4(353 1169 1511 695)
4(341 1157 1472 656)
4(539 661 1477 1355)
4(546 684 1500 1362)
4(462 664 1480 1278)
4(437 647 1463 1253)
4(621 702 1518 1437)
4(626 635 1451 1442)
4(120 699 1515 217)
4(543 638 1454 1359)
4(300 1116 1454 638)
4(285 1101 1514 698)
4(631 671 1487 1447)
4(589 633 1449 1405)
4(135 232 1484 668)
4(520 1336 1512 696)
4(628 701 1517 1444)
4(313 628 1444 1129)
4(137 234 1514 698)
4(383 1199 1451 635)
4(5 679 1495 10)
4(123 220 1495 679)
4(439 1255 1507 691)
4(134 668 1484 231)
4(632 689 1505 1448)
4(395 647 1463 1211)
4(356 646 1462 1172)
4(465 1281 1474 658)
4(418 1234 1460 644)
4(287 1103 1510 694)
4(142 694 1510 239)
4(119 216 1475 659)
4(534 659 1475 1350)
4(607 638 1454 1423)
4(136 698 1514 233)
4(399 1215 1473 657)
4(561 1377 1470 654)
4(4 678 1494 9)
4(104 264 1494 678)
4(378 671 1487 1194)
4(303 1119 1496 680)
4(127 680 1496 224)
4(466 701 1517 1282)
4(313 627 1443 1129)
4(609 633 1449 1425)
4(143 240 1510 694)
4(526 694 1510 1342)
4(463 1279 1466 650)
4(569 1385 1505 689)
4(415 1231 1486 670)
4(650 1466 1499 683)
4(105 678 1494 202)
4(527 700 1516 1343)
4(444 655 1471 1260)
4(308 1124 1474 658)
4(297 632 1448 1113)
4(297 1113 1515 699)
4(572 1388 1481 665)
4(312 665 1481 1128)
4(124 679 1495 221)
4(413 670 1486 1229)
4(620 1436 1496 680)
4(556 660 1476 1372)
4(556 1372 1508 692)
4(571 1387 1487 671)
4(118 659 1475 215)
4(566 653 1469 1382)
4(299 1115 1476 660)
4(299 637 1453 1115)
4(515 1331 1470 654)
4(474 1290 1509 693)
4(648 693 1509 1464)
4(348 646 1462 1164)
4(576 1392 1511 695)
4(578 695 1511 1394)
4(607 643 1459 1423)
4(638 1454 1459 643)
4(466 1282 1469 653)
4(432 1248 1503 687)
4(526 1342 1468 652)
4(643 661 1477 1459)
4(417 1233 1460 644)
4(652 1468 1510 694)
4(397 647 1463 1213)
4(101 261 1485 669)
4(298 669 1485 1114)
4(503 643 1459 1319)
4(677 540 1356 1493)
4(540 686 1502 1356)
4(482 1298 1466 650)
4(474 1290 1489 673)
4(474 663 1479 1290)
4(624 654 1470 1440)
4(301 624 1440 1117)
4(311 1127 1495 679)
4(649 1465 1513 697)
4(348 656 1472 1164)
4(313 1129 1494 678)
4(503 661 1477 1319)
4(397 657 1473 1213)
4(504 696 1512 1320)
4(311 685 1501 1127)
4(482 664 1480 1298)
4(297 689 1505 1113)
4(590 662 1478 1406)
4(529 1345 1478 662)
4(311 622 1438 1127)
4(622 685 1501 1438)
4(451 1267 1503 687)
4(600 1416 1479 663)
4(283 663 1479 1099)
4(353 667 1483 1169)
4(564 1380 1491 675)
4(473 1289 1489 673)
4(622 1438 1495 679)
4(587 674 1490 1403)
4(587 1403 1501 685)
4(663 1479 1509 693)
4(600 1416 1509 693)
4(312 611 1427 1128)
4(527 1343 1507 691)
4(667 695 1511 1483)
4(664 669 1485 1480)
4(306 1122 1509 693)
4(627 1443 1494 678)
4(291 697 1513 1107)
4(307 682 1498 1123)
4(653 701 1517 1469)
4(662 1478 1491 675)
4(673 1489 1503 687)
3(898 63 1714)
3(148 245 6)
3(923 62 1739)
3(948 61 1764)
3(973 60 1789)
3(998 59 1814)
3(1023 58 1839)
3(1048 57 1864)
3(1073 56 1889)
3(1098 55 1914)
3(1341 525 75)
3(75 651 76)
3(72 554 73)
3(73 299 74)
3(71 288 72)
3(68 294 69)
3(66 301 67)
3(67 624 68)
3(74 637 75)
3(65 611 66)
3(64 312 65)
3(70 630 71)
3(69 672 70)
3(76 690 3)
3(6 681 64)
4(4 105 703 77)
4(105 106 704 703)
4(106 107 705 704)
4(107 108 706 705)
4(108 109 707 706)
4(109 110 708 707)
4(110 111 709 708)
4(111 112 710 709)
4(112 113 711 710)
4(113 114 712 711)
4(114 115 713 712)
4(115 116 714 713)
4(116 117 715 714)
4(117 118 716 715)
4(118 119 717 716)
4(119 120 718 717)
4(120 121 719 718)
4(121 122 720 719)
4(122 123 721 720)
4(123 5 149 721)
4(77 703 722 78)
4(703 704 723 722)
4(704 705 724 723)
4(705 706 725 724)
4(706 707 726 725)
4(707 708 727 726)
4(708 709 728 727)
4(709 710 729 728)
4(710 711 730 729)
4(711 712 731 730)
4(712 713 732 731)
4(713 714 733 732)
4(714 715 734 733)
4(715 716 735 734)
4(716 717 736 735)
4(717 718 737 736)
4(718 719 738 737)
4(719 720 739 738)
4(720 721 740 739)
4(721 149 150 740)
4(78 722 741 79)
4(722 723 742 741)
4(723 724 743 742)
4(724 725 744 743)
4(725 726 745 744)
4(726 727 746 745)
4(727 728 747 746)
4(728 729 748 747)
4(729 730 749 748)
4(730 731 750 749)
4(731 732 751 750)
4(732 733 752 751)
4(733 734 753 752)
4(734 735 754 753)
4(735 736 755 754)
4(736 737 756 755)
4(737 738 757 756)
4(738 739 758 757)
4(739 740 759 758)
4(740 150 151 759)
4(79 741 760 80)
4(741 742 761 760)
4(742 743 762 761)
4(743 744 763 762)
4(744 745 764 763)
4(745 746 765 764)
4(746 747 766 765)
4(747 748 767 766)
4(748 749 768 767)
4(749 750 769 768)
4(750 751 770 769)
4(751 752 771 770)
4(752 753 772 771)
4(753 754 773 772)
4(754 755 774 773)
4(755 756 775 774)
4(756 757 776 775)
4(757 758 777 776)
4(758 759 778 777)
4(759 151 152 778)
4(80 760 779 81)
4(760 761 780 779)
4(761 762 781 780)
4(762 763 782 781)
4(763 764 783 782)
4(764 765 784 783)
4(765 766 785 784)
4(766 767 786 785)
4(767 768 787 786)
4(768 769 788 787)
4(769 770 789 788)
4(770 771 790 789)
4(771 772 791 790)
4(772 773 792 791)
4(773 774 793 792)
4(774 775 794 793)
4(775 776 795 794)
4(776 777 796 795)
4(777 778 797 796)
4(778 152 153 797)
4(81 779 798 82)
4(779 780 799 798)
4(780 781 800 799)
4(781 782 801 800)
4(782 783 802 801)
4(783 784 803 802)
4(784 785 804 803)
4(785 786 805 804)
4(786 787 806 805)
4(787 788 807 806)
4(788 789 808 807)
4(789 790 809 808)
4(790 791 810 809)
4(791 792 811 810)
4(792 793 812 811)
4(793 794 813 812)
4(794 795 814 813)
4(795 796 815 814)
4(796 797 816 815)
4(797 153 154 816)
4(82 798 817 83)
4(798 799 818 817)
4(799 800 819 818)
4(800 801 820 819)
4(801 802 821 820)
4(802 803 822 821)
4(803 804 823 822)
4(804 805 824 823)
4(805 806 825 824)
4(806 807 826 825)
4(807 808 827 826)
4(808 809 828 827)
4(809 810 829 828)
4(810 811 830 829)
4(811 812 831 830)
4(812 813 832 831)
4(813 814 833 832)
4(814 815 834 833)
4(815 816 835 834)
4(816 154 155 835)
4(83 817 836 84)
4(817 818 837 836)
4(818 819 838 837)
4(819 820 839 838)
4(820 821 840 839)
4(821 822 841 840)
4(822 823 842 841)
4(823 824 843 842)
4(824 825 844 843)
4(825 826 845 844)
4(826 827 846 845)
4(827 828 847 846)
4(828 829 848 847)
4(829 830 849 848)
4(830 831 850 849)
4(831 832 851 850)
4(832 833 852 851)
4(833 834 853 852)
4(834 835 854 853)
4(835 155 156 854)
4(84 836 855 85)
4(836 837 856 855)
4(837 838 857 856)
4(838 839 858 857)
4(839 840 859 858)
4(840 841 860 859)
4(841 842 861 860)
4(842 843 862 861)
4(843 844 863 862)
4(844 845 864 863)
4(845 846 865 864)
4(846 847 866 865)
4(847 848 867 866)
4(848 849 868 867)
4(849 850 869 868)
4(850 851 870 869)
4(851 852 871 870)
4(852 853 872 871)
4(853 854 873 872)
4(854 156 157 873)
4(85 855 54 2)
4(855 856 53 54)
4(856 857 52 53)
4(857 858 51 52)
4(858 859 50 51)
4(859 860 49 50)
4(860 861 48 49)
4(861 862 47 48)
4(862 863 46 47)
4(863 864 45 46)
4(864 865 44 45)
4(865 866 43 44)
4(866 867 42 43)
4(867 868 41 42)
4(868 869 40 41)
4(869 870 39 40)
4(870 871 38 39)
4(871 872 37 38)
4(872 873 36 37)
4(873 157 1 36)
4(5 124 874 149)
4(124 125 875 874)
4(125 126 876 875)
4(126 127 877 876)
4(127 128 878 877)
4(128 129 879 878)
4(129 130 880 879)
4(130 131 881 880)
4(131 132 882 881)
4(132 133 883 882)
4(133 134 884 883)
4(134 135 885 884)
4(135 136 886 885)
4(136 137 887 886)
4(137 138 888 887)
4(138 139 889 888)
4(139 140 890 889)
4(140 141 891 890)
4(141 142 892 891)
4(142 143 893 892)
4(143 144 894 893)
4(144 145 895 894)
4(145 146 896 895)
4(146 147 897 896)
4(147 148 898 897)
4(149 874 899 150)
4(874 875 900 899)
4(875 876 901 900)
4(876 877 902 901)
4(877 878 903 902)
4(878 879 904 903)
4(879 880 905 904)
4(880 881 906 905)
4(881 882 907 906)
4(882 883 908 907)
4(883 884 909 908)
4(884 885 910 909)
4(885 886 911 910)
4(886 887 912 911)
4(887 888 913 912)
4(888 889 914 913)
4(889 890 915 914)
4(890 891 916 915)
4(891 892 917 916)
4(892 893 918 917)
4(893 894 919 918)
4(894 895 920 919)
4(895 896 921 920)
4(896 897 922 921)
4(897 898 923 922)
4(150 899 924 151)
4(899 900 925 924)
4(900 901 926 925)
4(901 902 927 926)
4(902 903 928 927)
4(903 904 929 928)
4(904 905 930 929)
4(905 906 931 930)
4(906 907 932 931)
4(907 908 933 932)
4(908 909 934 933)
4(909 910 935 934)
4(910 911 936 935)
4(911 912 937 936)
4(912 913 938 937)
4(913 914 939 938)
4(914 915 940 939)
4(915 916 941 940)
4(916 917 942 941)
4(917 918 943 942)
4(918 919 944 943)
4(919 920 945 944)
4(920 921 946 945)
4(921 922 947 946)
4(922 923 948 947)
4(151 924 949 152)
4(924 925 950 949)
4(925 926 951 950)
4(926 927 952 951)
4(927 928 953 952)
4(928 929 954 953)
4(929 930 955 954)
4(930 931 956 955)
4(931 932 957 956)
4(932 933 958 957)
4(933 934 959 958)
4(934 935 960 959)
4(935 936 961 960)
4(936 937 962 961)
4(937 938 963 962)
4(938 939 964 963)
4(939 940 965 964)
4(940 941 966 965)
4(941 942 967 966)
4(942 943 968 967)
4(943 944 969 968)
4(944 945 970 969)
4(945 946 971 970)
4(946 947 972 971)
4(947 948 973 972)
4(152 949 974 153)
4(949 950 975 974)
4(950 951 976 975)
4(951 952 977 976)
4(952 953 978 977)
4(953 954 979 978)
4(954 955 980 979)
4(955 956 981 980)
4(956 957 982 981)
4(957 958 983 982)
4(958 959 984 983)
4(959 960 985 984)
4(960 961 986 985)
4(961 962 987 986)
4(962 963 988 987)
4(963 964 989 988)
4(964 965 990 989)
4(965 966 991 990)
4(966 967 992 991)
4(967 968 993 992)
4(968 969 994 993)
4(969 970 995 994)
4(970 971 996 995)
4(971 972 997 996)
4(972 973 998 997)
4(153 974 999 154)
4(974 975 1000 999)
4(975 976 1001 1000)
4(976 977 1002 1001)
4(977 978 1003 1002)
4(978 979 1004 1003)
4(979 980 1005 1004)
4(980 981 1006 1005)
4(981 982 1007 1006)
4(982 983 1008 1007)
4(983 984 1009 1008)
4(984 985 1010 1009)
4(985 986 1011 1010)
4(986 987 1012 1011)
4(987 988 1013 1012)
4(988 989 1014 1013)
4(989 990 1015 1014)
4(990 991 1016 1015)
4(991 992 1017 1016)
4(992 993 1018 1017)
4(993 994 1019 1018)
4(994 995 1020 1019)
4(995 996 1021 1020)
4(996 997 1022 1021)
4(997 998 1023 1022)
4(154 999 1024 155)
4(999 1000 1025 1024)
4(1000 1001 1026 1025)
4(1001 1002 1027 1026)
4(1002 1003 1028 1027)
4(1003 1004 1029 1028)
4(1004 1005 1030 1029)
4(1005 1006 1031 1030)
4(1006 1007 1032 1031)
4(1007 1008 1033 1032)
4(1008 1009 1034 1033)
4(1009 1010 1035 1034)
4(1010 1011 1036 1035)
4(1011 1012 1037 1036)
4(1012 1013 1038 1037)
4(1013 1014 1039 1038)
4(1014 1015 1040 1039)
4(1015 1016 1041 1040)
4(1016 1017 1042 1041)
4(1017 1018 1043 1042)
4(1018 1019 1044 1043)
4(1019 1020 1045 1044)
4(1020 1021 1046 1045)
4(1021 1022 1047 1046)
4(1022 1023 1048 1047)
4(155 1024 1049 156)
4(1024 1025 1050 1049)
4(1025 1026 1051 1050)
4(1026 1027 1052 1051)
4(1027 1028 1053 1052)
4(1028 1029 1054 1053)
4(1029 1030 1055 1054)
4(1030 1031 1056 1055)
4(1031 1032 1057 1056)
4(1032 1033 1058 1057)
4(1033 1034 1059 1058)
4(1034 1035 1060 1059)
4(1035 1036 1061 1060)
4(1036 1037 1062 1061)
4(1037 1038 1063 1062)
4(1038 1039 1064 1063)
4(1039 1040 1065 1064)
4(1040 1041 1066 1065)
4(1041 1042 1067 1066)
4(1042 1043 1068 1067)
4(1043 1044 1069 1068)
4(1044 1045 1070 1069)
4(1045 1046 1071 1070)
4(1046 1047 1072 1071)
4(1047 1048 1073 1072)
4(156 1049 1074 157)
4(1049 1050 1075 1074)
4(1050 1051 1076 1075)
4(1051 1052 1077 1076)
4(1052 1053 1078 1077)
4(1053 1054 1079 1078)
4(1054 1055 1080 1079)
4(1055 1056 1081 1080)
4(1056 1057 1082 1081)
4(1057 1058 1083 1082)
4(1058 1059 1084 1083)
4(1059 1060 1085 1084)
4(1060 1061 1086 1085)
4(1061 1062 1087 1086)
4(1062 1063 1088 1087)
4(1063 1064 1089 1088)
4(1064 1065 1090 1089)
4(1065 1066 1091 1090)
4(1066 1067 1092 1091)
4(1067 1068 1093 1092)
4(1068 1069 1094 1093)
4(1069 1070 1095 1094)
4(1070 1071 1096 1095)
4(1071 1072 1097 1096)
4(1072 1073 1098 1097)
4(157 1074 35 1)
4(1074 1075 34 35)
4(1075 1076 33 34)
4(1076 1077 32 33)
4(1077 1078 31 32)
4(1078 1079 30 31)
4(1079 1080 29 30)
4(1080 1081 28 29)
4(1081 1082 27 28)
4(1082 1083 26 27)
4(1083 1084 25 26)
4(1084 1085 24 25)
4(1085 1086 23 24)
4(1086 1087 22 23)
4(1087 1088 21 22)
4(1088 1089 20 21)
4(1089 1090 19 20)
4(1090 1091 18 19)
4(1091 1092 17 18)
4(1092 1093 16 17)
4(1093 1094 15 16)
4(1094 1095 14 15)
4(1095 1096 13 14)
4(1096 1097 12 13)
4(1097 1098 11 12)
3(504 661 617)
3(301 611 562)
3(617 661 289)
3(445 557 555)
3(115 483 116)
3(290 512 508)
3(555 655 445)
3(303 674 620)
3(472 675 441)
3(479 480 293)
3(285 545 530)
3(516 597 353)
3(620 674 594)
3(441 612 472)
3(283 483 115)
3(475 655 288)
3(292 487 485)
3(128 513 129)
3(129 513 290)
3(505 597 516)
3(292 535 487)
3(574 599 592)
3(476 560 295)
3(611 665 562)
3(480 481 293)
3(427 657 542)
3(295 688 476)
3(288 630 475)
3(294 514 478)
3(542 666 427)
3(530 591 285)
3(508 512 507)
3(312 681 572)
3(373 597 505)
3(602 649 548)
3(595 633 547)
3(560 606 295)
3(290 513 512)
3(477 606 560)
3(528 529 305)
3(506 507 391)
3(309 606 477)
3(505 592 373)
3(507 510 391)
3(318 538 316)
3(285 583 545)
3(514 515 447)
3(471 676 469)
3(519 584 448)
3(548 648 602)
3(487 535 489)
3(138 591 139)
3(508 585 290)
3(447 608 514)
3(514 608 449)
3(288 655 555)
3(529 590 305)
3(535 570 489)
3(294 515 514)
3(362 509 381)
3(293 641 479)
3(389 510 423)
3(551 552 419)
3(619 671 644)
3(401 518 517)
3(592 599 373)
3(315 522 420)
3(559 588 454)
3(553 684 304)
3(518 584 519)
3(437 633 595)
3(574 592 501)
3(562 654 301)
3(553 642 552)
3(469 686 471)
3(302 616 484)
3(316 538 521)
3(586 639 635)
3(422 538 318)
3(477 702 309)
3(314 522 315)
3(401 584 518)
3(637 660 523)
3(645 697 603)
3(478 672 294)
3(525 637 523)
3(284 642 553)
3(508 616 585)
3(507 512 510)
3(445 558 557)
3(564 652 287)
3(459 582 552)
3(550 551 419)
3(310 525 522)
3(552 582 419)
3(339 656 578)
3(570 618 489)
3(286 618 570)
3(585 616 302)
3(291 649 602)
3(305 591 528)
3(391 510 389)
3(644 671 558)
3(653 664 567)
3(578 667 339)
3(304 668 553)
3(572 681 148)
3(515 561 447)
3(635 639 372)
3(510 511 423)
3(391 509 506)
3(314 315 296)
3(316 521 296)
3(381 509 391)
3(555 557 556)
3(483 641 116)
3(88 314 296)
3(578 646 577)
3(533 617 289)
3(470 687 473)
3(283 636 483)
3(473 691 470)
3(285 591 138)
3(517 549 401)
3(576 577 495)
3(527 601 360)
3(398 550 396)
3(369 640 625)
3(362 596 509)
3(374 615 596)
3(454 605 559)
3(545 546 426)
3(528 591 530)
3(476 688 526)
3(558 631 557)
3(522 523 420)
3(578 656 646)
3(287 662 564)
3(422 625 520)
3(139 591 305)
3(555 556 554)
3(469 563 363)
3(544 545 426)
3(91 533 289)
3(456 531 406)
3(484 634 302)
3(396 550 419)
3(422 696 538)
3(344 588 559)
3(531 532 455)
3(575 576 495)
3(634 642 284)
3(360 601 357)
3(93 539 300)
3(315 316 296)
3(456 532 531)
3(298 664 653)
3(596 615 509)
3(87 314 88)
3(95 543 286)
3(296 521 89)
3(532 697 645)
3(310 314 87)
3(540 579 450)
3(605 700 559)
3(310 522 314)
3(320 625 422)
3(449 608 442)
3(372 639 577)
3(484 616 457)
3(90 533 91)
3(406 531 390)
3(448 632 519)
3(523 524 420)
3(480 518 481)
3(400 544 426)
3(559 700 360)
3(334 541 347)
3(660 692 524)
3(519 632 534)
3(103 566 313)
3(92 539 93)
3(307 645 603)
3(288 555 554)
3(363 563 327)
3(315 317 316)
3(494 575 492)
3(94 543 95)
3(541 542 347)
3(492 575 495)
3(521 533 90)
3(551 553 552)
3(426 550 398)
3(538 696 617)
3(524 581 420)
3(146 606 309)
3(317 318 316)
3(365 579 540)
3(102 566 103)
3(86 310 87)
3(484 642 634)
3(329 568 326)
3(568 599 574)
3(325 573 345)
3(317 319 318)
3(332 541 334)
3(523 660 524)
3(352 537 536)
3(98 535 292)
3(128 680 513)
3(602 648 306)
3(340 565 343)
3(319 320 318)
3(88 296 89)
3(294 624 515)
3(414 544 400)
3(346 610 588)
3(576 578 577)
3(521 538 533)
3(588 610 454)
3(347 595 547)
3(442 580 382)
3(289 539 92)
3(377 549 361)
3(469 676 563)
3(443 593 404)
3(517 518 480)
3(89 521 90)
3(478 514 449)
3(549 598 376)
3(352 536 330)
3(97 535 98)
3(461 548 436)
3(401 549 377)
3(663 673 636)
3(517 598 549)
3(286 570 96)
3(326 568 324)
3(319 321 320)
3(455 465 430)
3(300 543 94)
3(545 583 546)
3(510 512 511)
3(338 565 340)
3(321 322 320)
3(407 455 430)
3(536 541 332)
3(511 594 423)
3(323 573 325)
3(347 547 336)
3(546 550 426)
3(441 675 529)
3(385 406 390)
3(419 582 394)
3(323 324 322)
3(505 516 498)
3(91 289 92)
3(371 385 384)
3(325 326 324)
3(361 549 376)
3(334 336 335)
3(327 328 326)
3(321 323 322)
3(332 334 333)
3(330 332 331)
3(328 330 329)
3(323 325 324)
3(385 390 384)
3(436 548 456)
3(546 551 550)
3(345 363 327)
3(537 676 471)
3(325 327 326)
3(455 645 465)
3(547 633 565)
3(420 581 317)
3(460 564 425)
3(93 300 94)
3(674 685 468)
3(328 352 330)
3(146 309 147)
3(297 569 121)
3(336 338 337)
3(476 593 560)
3(330 536 332)
3(365 540 469)
3(547 565 338)
3(147 572 148)
3(436 456 406)
3(516 576 575)
3(349 360 357)
3(95 286 96)
3(512 513 511)
3(354 355 351)
3(338 340 339)
3(350 351 346)
3(364 365 363)
3(457 458 434)
3(343 346 342)
3(498 575 494)
3(340 342 341)
3(334 347 336)
3(528 530 440)
3(435 436 406)
3(342 344 341)
3(560 593 443)
3(458 508 507)
3(340 341 339)
3(336 337 335)
3(355 361 358)
3(334 335 333)
3(439 461 436)
3(103 313 104)
3(390 531 407)
3(344 559 349)
3(468 623 467)
3(530 545 544)
3(338 339 337)
3(350 354 351)
3(561 562 446)
3(345 364 363)
3(332 333 331)
3(366 579 365)
3(365 469 363)
3(473 474 461)
3(411 434 386)
3(407 430 428)
3(342 588 344)
3(411 457 434)
3(343 350 346)
3(551 684 553)
3(330 331 329)
3(315 420 317)
3(368 380 379)
3(336 547 338)
3(324 568 369)
3(425 564 472)
3(421 460 425)
3(458 507 506)
3(389 423 408)
3(440 544 414)
3(122 311 123)
3(433 451 432)
3(404 593 402)
3(122 569 311)
3(298 566 102)
3(433 452 451)
3(479 483 452)
3(320 422 318)
3(410 433 432)
3(361 376 358)
3(98 292 99)
3(421 425 403)
3(355 362 361)
3(390 407 392)
3(412 443 404)
3(362 377 361)
3(368 379 366)
3(355 358 351)
3(101 298 102)
3(424 468 467)
3(328 329 326)
3(554 556 299)
3(325 345 327)
3(340 343 342)
3(380 402 379)
3(324 369 322)
3(402 421 403)
3(362 381 377)
3(381 389 388)
3(327 563 328)
3(441 528 440)
3(565 589 343)
3(448 584 408)
3(355 596 362)
3(405 412 404)
3(412 446 443)
3(573 619 613)
3(425 472 450)
3(349 559 360)
3(381 388 377)
3(385 435 406)
3(357 601 371)
3(518 519 481)
3(571 573 323)
3(389 408 388)
3(453 479 452)
3(408 584 388)
3(371 384 383)
3(594 674 468)
3(380 404 402)
3(378 571 321)
3(364 366 365)
3(423 424 408)
3(310 651 525)
3(459 484 457)
3(509 615 506)
3(357 371 370)
3(374 596 354)
3(407 531 455)
3(543 629 286)
3(319 378 321)
3(613 619 417)
3(435 439 436)
3(416 440 414)
3(568 574 369)
3(309 572 147)
3(439 473 461)
3(476 526 460)
3(321 571 323)
3(387 411 386)
3(475 478 449)
3(375 386 374)
3(530 544 440)
3(466 567 430)
3(499 505 498)
3(344 349 348)
3(121 569 122)
3(359 374 354)
3(516 575 498)
3(458 506 434)
3(400 426 398)
3(349 357 356)
3(376 410 409)
3(410 432 431)
3(447 561 412)
3(465 466 430)
3(402 403 379)
3(376 598 410)
3(388 401 377)
3(444 449 442)
3(542 595 347)
3(519 534 481)
3(388 584 401)
3(491 586 488)
3(144 295 145)
3(396 419 394)
3(632 699 534)
3(125 587 126)
3(453 480 479)
3(385 601 435)
3(423 594 424)
3(492 495 491)
3(424 594 468)
3(328 563 352)
3(433 453 452)
3(467 632 448)
3(427 666 537)
3(450 579 403)
3(421 476 460)
3(625 640 520)
3(425 450 403)
3(424 467 448)
3(497 498 494)
3(120 297 121)
3(435 601 527)
3(468 685 623)
3(441 529 528)
3(405 447 412)
3(412 561 446)
3(446 477 443)
3(390 392 384)
3(433 598 453)
3(380 405 404)
3(416 441 440)
3(381 391 389)
3(411 459 457)
3(430 567 428)
3(379 579 366)
3(367 368 366)
3(117 293 118)
3(490 491 488)
3(346 588 342)
3(453 598 517)
3(129 290 130)
3(403 579 379)
3(344 348 341)
3(131 302 132)
3(418 442 382)
3(350 359 354)
3(141 287 142)
3(86 690 310)
3(376 409 358)
3(407 428 392)
3(382 580 368)
3(133 284 134)
3(424 448 408)
3(488 586 486)
3(577 639 495)
3(386 615 374)
3(375 387 386)
3(402 593 421)
3(432 470 431)
3(354 596 355)
3(359 375 374)
3(130 585 131)
3(477 560 443)
3(139 305 140)
3(329 599 568)
3(135 304 136)
3(410 431 409)
3(394 582 387)
3(442 608 580)
3(577 646 372)
3(140 590 141)
3(114 283 115)
3(310 690 651)
3(371 383 370)
3(137 285 138)
3(351 610 346)
3(410 598 433)
3(349 356 348)
3(290 585 130)
3(562 665 621)
3(131 585 302)
3(337 353 335)
3(357 370 356)
3(457 616 458)
3(371 601 385)
3(96 570 97)
3(333 373 331)
3(145 606 146)
3(522 525 523)
3(506 615 434)
3(97 570 535)
3(453 517 480)
3(141 590 287)
3(542 647 595)
3(497 499 498)
3(573 613 345)
3(113 600 114)
3(126 303 127)
3(421 593 476)
3(305 590 140)
3(490 492 491)
3(368 580 380)
3(387 582 411)
3(499 592 505)
3(317 581 319)
3(415 416 414)
3(304 684 583)
3(435 527 439)
3(112 306 113)
3(364 367 366)
3(343 589 350)
3(409 610 358)
3(574 640 369)
3(114 600 283)
3(413 414 400)
3(367 382 368)
3(485 650 292)
3(444 475 449)
3(393 394 387)
3(438 686 677)
3(399 400 398)
3(126 587 303)
3(395 396 394)
3(397 398 396)
3(335 597 333)
3(491 639 586)
3(428 567 462)
3(418 444 442)
3(111 602 112)
3(475 630 478)
3(541 666 542)
3(331 599 329)
3(411 582 459)
3(471 670 537)
3(466 658 628)
3(353 597 335)
3(333 597 373)
3(526 688 143)
3(110 291 111)
3(428 462 429)
3(462 482 463)
3(431 454 409)
3(380 580 405)
3(415 438 416)
3(350 589 359)
3(375 393 387)
3(358 610 351)
3(319 581 378)
3(454 610 409)
3(373 599 331)
3(691 700 470)
3(306 600 113)
3(552 642 459)
3(109 603 110)
3(295 606 145)
3(108 307 109)
3(504 520 502)
3(501 592 499)
3(470 605 431)
3(500 501 499)
3(106 308 107)
3(107 604 108)
3(413 415 414)
3(483 636 452)
3(393 437 395)
3(384 614 383)
3(474 648 461)
3(393 395 394)
3(415 471 438)
3(399 413 400)
3(395 397 396)
3(399 427 413)
3(493 494 492)
3(397 399 398)
3(322 625 320)
3(345 613 364)
3(496 497 494)
3(586 626 486)
3(370 372 356)
3(614 626 383)
3(405 608 447)
3(460 652 564)
3(438 612 416)
3(538 617 533)
3(428 429 392)
3(434 615 386)
3(112 602 306)
3(489 490 488)
3(636 673 451)
3(500 503 502)
3(364 613 367)
3(359 609 375)
3(416 612 441)
3(417 418 382)
3(456 649 532)
3(487 488 486)
3(485 486 464)
3(490 493 492)
3(367 417 382)
3(497 500 499)
3(463 464 429)
3(431 605 454)
3(500 502 501)
3(501 640 574)
3(583 698 304)
3(462 463 429)
3(418 445 444)
3(458 616 508)
3(496 607 497)
3(291 602 111)
3(286 629 618)
3(485 487 486)
3(493 496 494)
3(375 609 393)
3(125 622 587)
3(487 489 488)
3(542 657 647)
3(631 692 557)
3(669 683 482)
3(470 700 605)
3(463 485 464)
3(503 504 502)
3(589 609 359)
3(658 682 604)
3(393 609 437)
3(445 644 558)
3(124 622 125)
3(110 603 291)
3(513 620 511)
3(133 634 284)
3(580 608 405)
3(537 666 536)
3(392 614 384)
3(307 603 109)
3(352 676 537)
3(438 677 612)
3(367 613 417)
3(302 634 132)
3(108 604 307)
3(497 607 500)
3(309 621 572)
3(511 620 594)
3(308 604 107)
3(571 619 573)
3(569 623 311)
3(500 607 503)
3(489 618 490)
3(534 699 119)
3(100 683 669)
3(490 618 493)
3(630 672 478)
3(623 689 467)
3(464 626 614)
3(645 682 465)
3(117 641 293)
3(292 683 99)
3(566 701 313)
3(429 614 392)
3(537 670 427)
3(464 614 429)
3(532 645 455)
3(539 643 300)
3(562 702 446)
3(105 627 106)
3(629 638 496)
3(627 628 308)
3(502 640 501)
3(369 625 322)
3(481 659 293)
3(106 627 308)
3(524 631 581)
3(581 631 378)
3(553 668 284)
3(370 635 372)
3(493 629 496)
3(339 667 337)
3(472 677 450)
3(143 688 144)
3(353 695 516)
3(341 656 339)
3(289 661 539)
3(583 684 546)
3(567 664 462)
3(595 647 437)
3(309 702 621)
3(132 634 133)
3(486 626 464)
3(586 635 626)
3(119 699 120)
3(452 636 451)
3(300 638 543)
3(621 702 562)
3(285 698 583)
3(558 671 631)
3(479 641 483)
3(565 633 589)
3(135 668 304)
3(612 677 472)
3(520 696 422)
3(313 701 628)
3(137 698 285)
3(618 629 493)
3(383 635 370)
3(123 679 5)
3(439 691 473)
3(284 668 134)
3(467 689 632)
3(437 647 395)
3(372 646 356)
3(465 658 466)
3(418 644 445)
3(287 694 142)
3(119 659 534)
3(543 638 629)
3(496 638 607)
3(465 682 658)
3(304 698 136)
3(399 657 427)
3(561 654 562)
3(104 678 4)
3(495 639 491)
3(631 671 378)
3(303 680 127)
3(628 701 466)
3(626 635 383)
3(313 628 627)
3(589 633 609)
3(143 694 526)
3(463 650 485)
3(609 633 437)
3(569 689 623)
3(415 670 471)
3(650 683 292)
3(4 678 105)
3(360 700 527)
3(445 655 444)
3(308 658 604)
3(116 641 117)
3(297 699 632)
3(520 640 502)
3(572 665 312)
3(5 679 124)
3(427 670 413)
3(461 648 548)
3(620 680 303)
3(471 686 438)
3(556 692 660)
3(571 671 619)
3(459 642 484)
3(293 659 118)
3(298 653 566)
3(299 660 637)
3(515 654 561)
3(118 659 119)
3(548 649 456)
3(474 693 648)
3(356 646 348)
3(576 695 578)
3(638 643 607)
3(513 680 620)
3(466 653 567)
3(432 687 470)
3(526 652 460)
3(539 661 643)
3(417 644 418)
3(652 694 287)
3(395 647 397)
3(101 669 298)
3(619 644 417)
3(100 669 101)
3(607 643 503)
3(677 686 540)
3(482 650 463)
3(450 677 540)
3(474 673 663)
3(300 643 638)
3(301 654 624)
3(311 679 123)
3(649 697 532)
3(646 656 348)
3(313 678 104)
3(643 661 503)
3(534 659 481)
3(348 656 341)
3(647 657 397)
3(536 666 541)
3(444 655 475)
3(617 696 504)
3(524 692 631)
3(556 660 299)
3(504 696 520)
3(623 685 311)
3(516 695 576)
3(397 657 399)
3(462 664 482)
3(632 689 297)
3(529 662 590)
3(624 654 515)
3(590 662 287)
3(311 685 622)
3(451 687 432)
3(628 658 308)
3(600 663 283)
3(337 667 353)
3(297 689 569)
3(134 668 135)
3(621 665 572)
3(564 675 472)
3(378 671 571)
3(503 661 504)
3(557 692 556)
3(99 683 100)
3(563 676 352)
3(546 684 551)
3(473 673 474)
3(540 686 469)
3(127 680 128)
3(144 688 295)
3(622 679 311)
3(142 694 143)
3(587 685 674)
3(446 702 477)
3(663 693 474)
3(120 699 297)
3(136 698 137)
3(600 693 663)
3(413 670 415)
3(312 665 611)
3(527 691 439)
3(587 674 303)
3(578 695 667)
3(283 663 636)
3(527 700 691)
3(298 669 664)
3(306 693 600)
3(627 678 313)
3(603 697 291)
3(124 679 622)
3(622 685 587)
3(482 683 650)
3(604 682 307)
3(105 678 627)
3(526 694 652)
3(307 682 645)
3(291 697 649)
3(466 701 653)
3(648 693 306)
3(662 675 564)
3(673 687 451)
3(664 669 482)
3(529 675 662)
3(653 701 566)
3(473 687 673)
3(667 695 353)
4(148 6 63 898)
4(898 63 62 923)
4(923 62 61 948)
4(948 61 60 973)
4(973 60 59 998)
4(998 59 58 1023)
4(1023 58 57 1048)
4(1048 57 56 1073)
4(1073 56 55 1098)
4(1098 55 0 11)
3(651 75 525)
3(637 525 75)
3(554 72 288)
3(681 6 148)
3(624 294 68)
3(554 299 73)
3(630 288 71)
3(611 301 66)
3(624 67 301)
3(611 65 312)
3(637 74 299)
3(672 69 294)
3(672 630 70)
3(690 86 3)
3(681 312 64)
3(690 76 651)
3(75 76 1467)
3(72 73 1370)
3(73 74 1115)
3(71 72 1104)
3(68 69 1110)
3(66 67 1117)
3(67 68 1440)
3(74 75 1453)
3(65 66 1427)
3(64 65 1128)
3(70 71 1446)
3(69 70 1488)
3(76 3 1506)
3(6 64 1497)
4(9 265 1519 202)
4(202 1519 1520 203)
4(203 1520 1521 204)
4(204 1521 1522 205)
4(205 1522 1523 206)
4(206 1523 1524 207)
4(207 1524 1525 208)
4(208 1525 1526 209)
4(209 1526 1527 210)
4(210 1527 1528 211)
4(211 1528 1529 212)
4(212 1529 1530 213)
4(213 1530 1531 214)
4(214 1531 1532 215)
4(215 1532 1533 216)
4(216 1533 1534 217)
4(217 1534 1535 218)
4(218 1535 1536 219)
4(219 1536 1537 220)
4(220 1537 282 10)
4(265 266 1538 1519)
4(1519 1538 1539 1520)
4(1520 1539 1540 1521)
4(1521 1540 1541 1522)
4(1522 1541 1542 1523)
4(1523 1542 1543 1524)
4(1524 1543 1544 1525)
4(1525 1544 1545 1526)
4(1526 1545 1546 1527)
4(1527 1546 1547 1528)
4(1528 1547 1548 1529)
4(1529 1548 1549 1530)
4(1530 1549 1550 1531)
4(1531 1550 1551 1532)
4(1532 1551 1552 1533)
4(1533 1552 1553 1534)
4(1534 1553 1554 1535)
4(1535 1554 1555 1536)
4(1536 1555 1556 1537)
4(1537 1556 281 282)
4(266 267 1557 1538)
4(1538 1557 1558 1539)
4(1539 1558 1559 1540)
4(1540 1559 1560 1541)
4(1541 1560 1561 1542)
4(1542 1561 1562 1543)
4(1543 1562 1563 1544)
4(1544 1563 1564 1545)
4(1545 1564 1565 1546)
4(1546 1565 1566 1547)
4(1547 1566 1567 1548)
4(1548 1567 1568 1549)
4(1549 1568 1569 1550)
4(1550 1569 1570 1551)
4(1551 1570 1571 1552)
4(1552 1571 1572 1553)
4(1553 1572 1573 1554)
4(1554 1573 1574 1555)
4(1555 1574 1575 1556)
4(1556 1575 280 281)
4(267 268 1576 1557)
4(1557 1576 1577 1558)
4(1558 1577 1578 1559)
4(1559 1578 1579 1560)
4(1560 1579 1580 1561)
4(1561 1580 1581 1562)
4(1562 1581 1582 1563)
4(1563 1582 1583 1564)
4(1564 1583 1584 1565)
4(1565 1584 1585 1566)
4(1566 1585 1586 1567)
4(1567 1586 1587 1568)
4(1568 1587 1588 1569)
4(1569 1588 1589 1570)
4(1570 1589 1590 1571)
4(1571 1590 1591 1572)
4(1572 1591 1592 1573)
4(1573 1592 1593 1574)
4(1574 1593 1594 1575)
4(1575 1594 279 280)
4(268 269 1595 1576)
4(1576 1595 1596 1577)
4(1577 1596 1597 1578)
4(1578 1597 1598 1579)
4(1579 1598 1599 1580)
4(1580 1599 1600 1581)
4(1581 1600 1601 1582)
4(1582 1601 1602 1583)
4(1583 1602 1603 1584)
4(1584 1603 1604 1585)
4(1585 1604 1605 1586)
4(1586 1605 1606 1587)
4(1587 1606 1607 1588)
4(1588 1607 1608 1589)
4(1589 1608 1609 1590)
4(1590 1609 1610 1591)
4(1591 1610 1611 1592)
4(1592 1611 1612 1593)
4(1593 1612 1613 1594)
4(1594 1613 278 279)
4(269 270 1614 1595)
4(1595 1614 1615 1596)
4(1596 1615 1616 1597)
4(1597 1616 1617 1598)
4(1598 1617 1618 1599)
4(1599 1618 1619 1600)
4(1600 1619 1620 1601)
4(1601 1620 1621 1602)
4(1602 1621 1622 1603)
4(1603 1622 1623 1604)
4(1604 1623 1624 1605)
4(1605 1624 1625 1606)
4(1606 1625 1626 1607)
4(1607 1626 1627 1608)
4(1608 1627 1628 1609)
4(1609 1628 1629 1610)
4(1610 1629 1630 1611)
4(1611 1630 1631 1612)
4(1612 1631 1632 1613)
4(1613 1632 277 278)
4(270 271 1633 1614)
4(1614 1633 1634 1615)
4(1615 1634 1635 1616)
4(1616 1635 1636 1617)
4(1617 1636 1637 1618)
4(1618 1637 1638 1619)
4(1619 1638 1639 1620)
4(1620 1639 1640 1621)
4(1621 1640 1641 1622)
4(1622 1641 1642 1623)
4(1623 1642 1643 1624)
4(1624 1643 1644 1625)
4(1625 1644 1645 1626)
4(1626 1645 1646 1627)
4(1627 1646 1647 1628)
4(1628 1647 1648 1629)
4(1629 1648 1649 1630)
4(1630 1649 1650 1631)
4(1631 1650 1651 1632)
4(1632 1651 276 277)
4(271 272 1652 1633)
4(1633 1652 1653 1634)
4(1634 1653 1654 1635)
4(1635 1654 1655 1636)
4(1636 1655 1656 1637)
4(1637 1656 1657 1638)
4(1638 1657 1658 1639)
4(1639 1658 1659 1640)
4(1640 1659 1660 1641)
4(1641 1660 1661 1642)
4(1642 1661 1662 1643)
4(1643 1662 1663 1644)
4(1644 1663 1664 1645)
4(1645 1664 1665 1646)
4(1646 1665 1666 1647)
4(1647 1666 1667 1648)
4(1648 1667 1668 1649)
4(1649 1668 1669 1650)
4(1650 1669 1670 1651)
4(1651 1670 275 276)
4(272 273 1671 1652)
4(1652 1671 1672 1653)
4(1653 1672 1673 1654)
4(1654 1673 1674 1655)
4(1655 1674 1675 1656)
4(1656 1675 1676 1657)
4(1657 1676 1677 1658)
4(1658 1677 1678 1659)
4(1659 1678 1679 1660)
4(1660 1679 1680 1661)
4(1661 1680 1681 1662)
4(1662 1681 1682 1663)
4(1663 1682 1683 1664)
4(1664 1683 1684 1665)
4(1665 1684 1685 1666)
4(1666 1685 1686 1667)
4(1667 1686 1687 1668)
4(1668 1687 1688 1669)
4(1669 1688 1689 1670)
4(1670 1689 274 275)
4(273 8 201 1671)
4(1671 201 200 1672)
4(1672 200 199 1673)
4(1673 199 198 1674)
4(1674 198 197 1675)
4(1675 197 196 1676)
4(1676 196 195 1677)
4(1677 195 194 1678)
4(1678 194 193 1679)
4(1679 193 192 1680)
4(1680 192 191 1681)
4(1681 191 190 1682)
4(1682 190 189 1683)
4(1683 189 188 1684)
4(1684 188 187 1685)
4(1685 187 186 1686)
4(1686 186 185 1687)
4(1687 185 184 1688)
4(1688 184 183 1689)
4(1689 183 7 274)
4(10 282 1690 221)
4(221 1690 1691 222)
4(222 1691 1692 223)
4(223 1692 1693 224)
4(224 1693 1694 225)
4(225 1694 1695 226)
4(226 1695 1696 227)
4(227 1696 1697 228)
4(228 1697 1698 229)
4(229 1698 1699 230)
4(230 1699 1700 231)
4(231 1700 1701 232)
4(232 1701 1702 233)
4(233 1702 1703 234)
4(234 1703 1704 235)
4(235 1704 1705 236)
4(236 1705 1706 237)
4(237 1706 1707 238)
4(238 1707 1708 239)
4(239 1708 1709 240)
4(240 1709 1710 241)
4(241 1710 1711 242)
4(242 1711 1712 243)
4(243 1712 1713 244)
4(244 1713 1714 245)
4(282 281 1715 1690)
4(1690 1715 1716 1691)
4(1691 1716 1717 1692)
4(1692 1717 1718 1693)
4(1693 1718 1719 1694)
4(1694 1719 1720 1695)
4(1695 1720 1721 1696)
4(1696 1721 1722 1697)
4(1697 1722 1723 1698)
4(1698 1723 1724 1699)
4(1699 1724 1725 1700)
4(1700 1725 1726 1701)
4(1701 1726 1727 1702)
4(1702 1727 1728 1703)
4(1703 1728 1729 1704)
4(1704 1729 1730 1705)
4(1705 1730 1731 1706)
4(1706 1731 1732 1707)
4(1707 1732 1733 1708)
4(1708 1733 1734 1709)
4(1709 1734 1735 1710)
4(1710 1735 1736 1711)
4(1711 1736 1737 1712)
4(1712 1737 1738 1713)
4(1713 1738 1739 1714)
4(281 280 1740 1715)
4(1715 1740 1741 1716)
4(1716 1741 1742 1717)
4(1717 1742 1743 1718)
4(1718 1743 1744 1719)
4(1719 1744 1745 1720)
4(1720 1745 1746 1721)
4(1721 1746 1747 1722)
4(1722 1747 1748 1723)
4(1723 1748 1749 1724)
4(1724 1749 1750 1725)
4(1725 1750 1751 1726)
4(1726 1751 1752 1727)
4(1727 1752 1753 1728)
4(1728 1753 1754 1729)
4(1729 1754 1755 1730)
4(1730 1755 1756 1731)
4(1731 1756 1757 1732)
4(1732 1757 1758 1733)
4(1733 1758 1759 1734)
4(1734 1759 1760 1735)
4(1735 1760 1761 1736)
4(1736 1761 1762 1737)
4(1737 1762 1763 1738)
4(1738 1763 1764 1739)
4(280 279 1765 1740)
4(1740 1765 1766 1741)
4(1741 1766 1767 1742)
4(1742 1767 1768 1743)
4(1743 1768 1769 1744)
4(1744 1769 1770 1745)
4(1745 1770 1771 1746)
4(1746 1771 1772 1747)
4(1747 1772 1773 1748)
4(1748 1773 1774 1749)
4(1749 1774 1775 1750)
4(1750 1775 1776 1751)
4(1751 1776 1777 1752)
4(1752 1777 1778 1753)
4(1753 1778 1779 1754)
4(1754 1779 1780 1755)
4(1755 1780 1781 1756)
4(1756 1781 1782 1757)
4(1757 1782 1783 1758)
4(1758 1783 1784 1759)
4(1759 1784 1785 1760)
4(1760 1785 1786 1761)
4(1761 1786 1787 1762)
4(1762 1787 1788 1763)
4(1763 1788 1789 1764)
4(279 278 1790 1765)
4(1765 1790 1791 1766)
4(1766 1791 1792 1767)
4(1767 1792 1793 1768)
4(1768 1793 1794 1769)
4(1769 1794 1795 1770)
4(1770 1795 1796 1771)
4(1771 1796 1797 1772)
4(1772 1797 1798 1773)
4(1773 1798 1799 1774)
4(1774 1799 1800 1775)
4(1775 1800 1801 1776)
4(1776 1801 1802 1777)
4(1777 1802 1803 1778)
4(1778 1803 1804 1779)
4(1779 1804 1805 1780)
4(1780 1805 1806 1781)
4(1781 1806 1807 1782)
4(1782 1807 1808 1783)
4(1783 1808 1809 1784)
4(1784 1809 1810 1785)
4(1785 1810 1811 1786)
4(1786 1811 1812 1787)
4(1787 1812 1813 1788)
4(1788 1813 1814 1789)
4(278 277 1815 1790)
4(1790 1815 1816 1791)
4(1791 1816 1817 1792)
4(1792 1817 1818 1793)
4(1793 1818 1819 1794)
4(1794 1819 1820 1795)
4(1795 1820 1821 1796)
4(1796 1821 1822 1797)
4(1797 1822 1823 1798)
4(1798 1823 1824 1799)
4(1799 1824 1825 1800)
4(1800 1825 1826 1801)
4(1801 1826 1827 1802)
4(1802 1827 1828 1803)
4(1803 1828 1829 1804)
4(1804 1829 1830 1805)
4(1805 1830 1831 1806)
4(1806 1831 1832 1807)
4(1807 1832 1833 1808)
4(1808 1833 1834 1809)
4(1809 1834 1835 1810)
4(1810 1835 1836 1811)
4(1811 1836 1837 1812)
4(1812 1837 1838 1813)
4(1813 1838 1839 1814)
4(277 276 1840 1815)
4(1815 1840 1841 1816)
4(1816 1841 1842 1817)
4(1817 1842 1843 1818)
4(1818 1843 1844 1819)
4(1819 1844 1845 1820)
4(1820 1845 1846 1821)
4(1821 1846 1847 1822)
4(1822 1847 1848 1823)
4(1823 1848 1849 1824)
4(1824 1849 1850 1825)
4(1825 1850 1851 1826)
4(1826 1851 1852 1827)
4(1827 1852 1853 1828)
4(1828 1853 1854 1829)
4(1829 1854 1855 1830)
4(1830 1855 1856 1831)
4(1831 1856 1857 1832)
4(1832 1857 1858 1833)
4(1833 1858 1859 1834)
4(1834 1859 1860 1835)
4(1835 1860 1861 1836)
4(1836 1861 1862 1837)
4(1837 1862 1863 1838)
4(1838 1863 1864 1839)
4(276 275 1865 1840)
4(1840 1865 1866 1841)
4(1841 1866 1867 1842)
4(1842 1867 1868 1843)
4(1843 1868 1869 1844)
4(1844 1869 1870 1845)
4(1845 1870 1871 1846)
4(1846 1871 1872 1847)
4(1847 1872 1873 1848)
4(1848 1873 1874 1849)
4(1849 1874 1875 1850)
4(1850 1875 1876 1851)
4(1851 1876 1877 1852)
4(1852 1877 1878 1853)
4(1853 1878 1879 1854)
4(1854 1879 1880 1855)
4(1855 1880 1881 1856)
4(1856 1881 1882 1857)
4(1857 1882 1883 1858)
4(1858 1883 1884 1859)
4(1859 1884 1885 1860)
4(1860 1885 1886 1861)
4(1861 1886 1887 1862)
4(1862 1887 1888 1863)
4(1863 1888 1889 1864)
4(275 274 1890 1865)
4(1865 1890 1891 1866)
4(1866 1891 1892 1867)
4(1867 1892 1893 1868)
4(1868 1893 1894 1869)
4(1869 1894 1895 1870)
4(1870 1895 1896 1871)
4(1871 1896 1897 1872)
4(1872 1897 1898 1873)
4(1873 1898 1899 1874)
4(1874 1899 1900 1875)
4(1875 1900 1901 1876)
4(1876 1901 1902 1877)
4(1877 1902 1903 1878)
4(1878 1903 1904 1879)
4(1879 1904 1905 1880)
4(1880 1905 1906 1881)
4(1881 1906 1907 1882)
4(1882 1907 1908 1883)
4(1883 1908 1909 1884)
4(1884 1909 1910 1885)
4(1885 1910 1911 1886)
4(1886 1911 1912 1887)
4(1887 1912 1913 1888)
4(1888 1913 1914 1889)
4(274 7 182 1890)
4(1890 182 181 1891)
4(1891 181 180 1892)
4(1892 180 179 1893)
4(1893 179 178 1894)
4(1894 178 177 1895)
4(1895 177 176 1896)
4(1896 176 175 1897)
4(1897 175 174 1898)
4(1898 174 173 1899)
4(1899 173 172 1900)
4(1900 172 171 1901)
4(1901 171 170 1902)
4(1902 170 169 1903)
4(1903 169 168 1904)
4(1904 168 167 1905)
4(1905 167 166 1906)
4(1906 166 165 1907)
4(1907 165 164 1908)
4(1908 164 163 1909)
4(1909 163 162 1910)
4(1910 162 161 1911)
4(1911 161 160 1912)
4(1912 160 159 1913)
4(1913 159 158 1914)
3(1320 1433 1477)
3(1117 1378 1427)
3(1433 1105 1477)
3(1261 1371 1373)
3(212 213 1299)
3(1106 1324 1328)
3(1371 1261 1471)
3(1119 1436 1490)
3(1288 1257 1491)
3(1295 1109 1296)
3(1101 1346 1361)
3(1332 1169 1413)
3(1436 1410 1490)
3(1257 1288 1428)
3(1099 212 1299)
3(1291 1104 1471)
3(1108 1301 1303)
3(225 226 1329)
3(226 1106 1329)
3(1321 1332 1413)
3(1108 1303 1351)
3(1390 1408 1415)
3(1292 1111 1376)
3(1427 1378 1481)
3(1296 1109 1297)
3(1243 1358 1473)
3(1111 1292 1504)
3(1104 1291 1446)
3(1110 1294 1330)
3(1358 1243 1482)
3(1346 1101 1407)
3(1324 1323 1328)
3(1128 1388 1497)
3(1189 1321 1413)
3(1418 1364 1465)
3(1411 1363 1449)
3(1376 1111 1422)
3(1106 1328 1329)
3(1293 1376 1422)
3(1344 1121 1345)
3(1322 1207 1323)
3(1125 1293 1422)
3(1321 1189 1408)
3(1323 1207 1326)
3(1134 1132 1354)
3(1101 1361 1399)
3(1330 1263 1331)
3(1287 1285 1492)
3(1335 1264 1400)
3(1364 1418 1464)
3(1303 1305 1351)
3(235 236 1407)
3(1324 1106 1401)
3(1263 1330 1424)
3(1330 1265 1424)
3(1104 1371 1471)
3(1345 1121 1406)
3(1351 1305 1386)
3(1110 1330 1331)
3(1178 1197 1325)
3(1109 1295 1457)
3(1205 1239 1326)
3(1367 1235 1368)
3(1435 1460 1487)
3(1217 1333 1334)
3(1408 1189 1415)
3(1131 1236 1338)
3(1375 1270 1404)
3(1369 1120 1500)
3(1334 1335 1400)
3(1253 1411 1449)
3(1390 1317 1408)
3(1378 1117 1470)
3(1369 1368 1458)
3(1285 1287 1502)
3(1118 1300 1432)
3(1132 1337 1354)
3(1402 1451 1455)
3(1238 1134 1354)
3(1293 1125 1518)
3(1130 1131 1338)
3(1217 1334 1400)
3(1453 1339 1476)
3(1461 1419 1513)
3(1294 1110 1488)
3(1341 1339 1453)
3(1100 1369 1458)
3(1324 1401 1432)
3(1323 1326 1328)
3(1261 1373 1374)
3(1380 1103 1468)
3(1275 1368 1398)
3(1366 1235 1367)
3(1126 1338 1341)
3(1368 1235 1398)
3(1155 1394 1472)
3(1386 1305 1434)
3(1102 1386 1434)
3(1401 1118 1432)
3(1107 1418 1465)
3(1121 1344 1407)
3(1207 1205 1326)
3(1460 1374 1487)
3(1469 1383 1480)
3(1394 1155 1483)
3(1120 1369 1484)
3(1388 245 1497)
3(1331 1263 1377)
3(1451 1188 1455)
3(1326 1239 1327)
3(1207 1322 1325)
3(1130 1112 1131)
3(1132 1112 1337)
3(1197 1207 1325)
3(1371 1372 1373)
3(1299 213 1457)
3(248 1112 1130)
3(1394 1393 1462)
3(1349 1105 1433)
3(1286 1289 1503)
3(1099 1299 1452)
3(1289 1286 1507)
3(1101 235 1407)
3(1333 1217 1365)
3(1392 1311 1393)
3(1343 1176 1417)
3(1214 1212 1366)
3(1185 1441 1456)
3(1178 1325 1412)
3(1190 1412 1431)
3(1270 1375 1421)
3(1361 1242 1362)
3(1344 1346 1407)
3(1292 1342 1504)
3(1374 1373 1447)
3(1338 1236 1339)
3(1394 1462 1472)
3(1103 1380 1478)
3(1238 1336 1441)
3(236 1121 1407)
3(1371 1370 1372)
3(1285 1179 1379)
3(1360 1242 1361)
3(251 1105 1349)
3(1272 1222 1347)
3(1300 1118 1450)
3(1212 1235 1366)
3(1238 1354 1512)
3(1160 1375 1404)
3(1347 1271 1348)
3(1391 1311 1392)
3(1450 1100 1458)
3(1176 1173 1417)
3(253 1116 1355)
3(1131 1112 1132)
3(1272 1347 1348)
3(1114 1469 1480)
3(1412 1325 1431)
3(247 248 1130)
3(255 1102 1359)
3(1112 249 1337)
3(1348 1461 1513)
3(1126 247 1130)
3(1356 1266 1395)
3(1421 1375 1516)
3(1126 1130 1338)
3(1136 1238 1441)
3(1265 1258 1424)
3(1188 1393 1455)
3(1300 1273 1432)
3(250 251 1349)
3(1222 1206 1347)
3(1264 1335 1448)
3(1339 1236 1340)
3(1296 1297 1334)
3(1216 1242 1360)
3(1375 1176 1516)
3(1150 1163 1357)
3(1476 1340 1508)
3(1335 1350 1448)
3(263 1129 1382)
3(252 253 1355)
3(1123 1419 1461)
3(1104 1370 1371)
3(1179 1143 1379)
3(1131 1132 1133)
3(1310 1308 1391)
3(254 255 1359)
3(1357 1163 1358)
3(1308 1311 1391)
3(1337 250 1349)
3(1367 1368 1369)
3(1242 1214 1366)
3(1354 1433 1512)
3(1340 1236 1397)
3(243 1125 1422)
3(1133 1132 1134)
3(1181 1356 1395)
3(262 263 1382)
3(246 247 1126)
3(1300 1450 1458)
3(1145 1142 1384)
3(1384 1390 1415)
3(1141 1161 1389)
3(1133 1134 1135)
3(1148 1150 1357)
3(1339 1340 1476)
3(1168 1352 1353)
3(258 1108 1351)
3(225 1329 1496)
3(1418 1122 1464)
3(1156 1159 1381)
3(1135 1134 1136)
3(248 249 1112)
3(1110 1331 1440)
3(1230 1216 1360)
3(1162 1404 1426)
3(1392 1393 1394)
3(1337 1349 1354)
3(1404 1270 1426)
3(1163 1363 1411)
3(1258 1198 1396)
3(1105 252 1355)
3(1193 1177 1365)
3(1285 1379 1492)
3(1259 1220 1409)
3(1333 1296 1334)
3(249 250 1337)
3(1294 1265 1330)
3(1365 1192 1414)
3(1168 1146 1352)
3(257 258 1351)
3(1277 1252 1364)
3(1217 1193 1365)
3(1479 1452 1489)
3(1333 1365 1414)
3(1102 256 1386)
3(1142 1140 1384)
3(1135 1136 1137)
3(1271 1246 1281)
3(1116 254 1359)
3(1361 1362 1399)
3(1326 1327 1328)
3(1154 1156 1381)
3(1137 1136 1138)
3(1223 1246 1271)
3(1352 1148 1357)
3(1327 1239 1410)
3(1139 1141 1389)
3(1163 1152 1363)
3(1362 1242 1366)
3(1257 1345 1491)
3(1201 1206 1222)
3(1235 1210 1398)
3(1139 1138 1140)
3(1321 1314 1332)
3(251 252 1105)
3(1187 1200 1201)
3(1141 1140 1142)
3(1177 1192 1365)
3(1150 1151 1152)
3(1143 1142 1144)
3(1137 1138 1139)
3(1148 1149 1150)
3(1146 1147 1148)
3(1144 1145 1146)
3(1139 1140 1141)
3(1201 1200 1206)
3(1252 1272 1364)
3(1362 1366 1367)
3(1161 1143 1179)
3(1353 1287 1492)
3(1141 1142 1143)
3(1271 1281 1461)
3(1363 1381 1449)
3(1236 1133 1397)
3(1276 1241 1380)
3(253 254 1116)
3(1490 1284 1501)
3(1144 1146 1168)
3(243 244 1125)
3(1113 218 1385)
3(1152 1153 1154)
3(1292 1376 1409)
3(1146 1148 1352)
3(1181 1285 1356)
3(1363 1154 1381)
3(244 245 1388)
3(1252 1222 1272)
3(1332 1391 1392)
3(1165 1173 1176)
3(255 256 1102)
3(1328 1327 1329)
3(1170 1167 1171)
3(1154 1155 1156)
3(1166 1162 1167)
3(1180 1179 1181)
3(1273 1250 1274)
3(1159 1158 1162)
3(1314 1310 1391)
3(1156 1157 1158)
3(1150 1152 1163)
3(1344 1256 1346)
3(1251 1222 1252)
3(1158 1157 1160)
3(1376 1259 1409)
3(1274 1323 1324)
3(1156 1155 1157)
3(1152 1151 1153)
3(1171 1174 1177)
3(1150 1149 1151)
3(1255 1252 1277)
3(263 264 1129)
3(1206 1223 1347)
3(1160 1165 1375)
3(1284 1283 1439)
3(1346 1360 1361)
3(1154 1153 1155)
3(1166 1167 1170)
3(1377 1262 1378)
3(1161 1179 1180)
3(1148 1147 1149)
3(1182 1181 1395)
3(1181 1179 1285)
3(1289 1277 1290)
3(1227 1202 1250)
3(1223 1244 1246)
3(1158 1160 1404)
3(1227 1250 1273)
3(1159 1162 1166)
3(1367 1369 1500)
3(1146 1145 1147)
3(1131 1133 1236)
3(1184 1195 1196)
3(1152 1154 1363)
3(1140 1185 1384)
3(1241 1288 1380)
3(1237 1241 1276)
3(1274 1322 1323)
3(1205 1224 1239)
3(1256 1230 1360)
3(219 220 1127)
3(1249 1248 1267)
3(1220 1218 1409)
3(219 1127 1385)
3(1114 262 1382)
3(1249 1267 1268)
3(1295 1268 1299)
3(1136 1134 1238)
3(1226 1248 1249)
3(1177 1174 1192)
3(258 259 1108)
3(1237 1219 1241)
3(1171 1177 1178)
3(1206 1208 1223)
3(1228 1220 1259)
3(1178 1177 1193)
3(1184 1182 1195)
3(1171 1167 1174)
3(261 262 1114)
3(1240 1283 1284)
3(1144 1142 1145)
3(1370 1115 1372)
3(1141 1143 1161)
3(1156 1158 1159)
3(1196 1195 1218)
3(1140 1138 1185)
3(1218 1219 1237)
3(1178 1193 1197)
3(1197 1204 1205)
3(1143 1144 1379)
3(1257 1256 1344)
3(1381 1159 1405)
3(1264 1224 1400)
3(1171 1178 1412)
3(1221 1220 1228)
3(1228 1259 1262)
3(1389 1429 1435)
3(1241 1266 1288)
3(1165 1176 1375)
3(1197 1193 1204)
3(1201 1222 1251)
3(1173 1187 1417)
3(1334 1297 1335)
3(1387 1139 1389)
3(1205 1204 1224)
3(1269 1268 1295)
3(1224 1204 1400)
3(1187 1199 1200)
3(1410 1284 1490)
3(1196 1218 1220)
3(1194 1137 1387)
3(1180 1181 1182)
3(1239 1224 1240)
3(1126 1341 1467)
3(1275 1273 1300)
3(1325 1322 1431)
3(1173 1186 1187)
3(1190 1170 1412)
3(1223 1271 1347)
3(1359 1102 1445)
3(1135 1137 1194)
3(1429 1233 1435)
3(1251 1252 1255)
3(1232 1230 1256)
3(1384 1185 1390)
3(1125 244 1388)
3(1255 1277 1289)
3(1292 1276 1342)
3(1137 1139 1387)
3(1203 1202 1227)
3(1291 1265 1294)
3(1191 1190 1202)
3(1346 1256 1360)
3(1282 1246 1383)
3(1315 1314 1321)
3(1160 1164 1165)
3(218 219 1385)
3(1175 1170 1190)
3(1332 1314 1391)
3(1274 1250 1322)
3(1216 1214 1242)
3(1165 1172 1173)
3(1192 1225 1226)
3(1226 1247 1248)
3(1263 1228 1377)
3(1281 1246 1282)
3(1218 1195 1219)
3(1192 1226 1414)
3(1204 1193 1217)
3(1260 1258 1265)
3(1358 1163 1411)
3(1335 1297 1350)
3(1204 1217 1400)
3(1307 1304 1402)
3(241 242 1111)
3(1212 1210 1235)
3(1448 1350 1515)
3(222 223 1403)
3(1269 1295 1296)
3(1201 1251 1417)
3(1239 1240 1410)
3(1308 1307 1311)
3(1240 1284 1410)
3(1144 1168 1379)
3(1249 1268 1269)
3(1283 1264 1448)
3(1243 1353 1482)
3(1266 1219 1395)
3(1237 1276 1292)
3(1441 1336 1456)
3(1241 1219 1266)
3(1240 1264 1283)
3(1313 1310 1314)
3(217 218 1113)
3(1251 1343 1417)
3(1284 1439 1501)
3(1257 1344 1345)
3(1221 1228 1263)
3(1228 1262 1377)
3(1262 1259 1293)
3(1206 1200 1208)
3(1249 1269 1414)
3(1196 1220 1221)
3(1232 1256 1257)
3(1197 1205 1207)
3(1227 1273 1275)
3(1246 1244 1383)
3(1195 1182 1395)
3(1183 1182 1184)
3(214 215 1109)
3(1306 1304 1307)
3(1162 1158 1404)
3(1269 1333 1414)
3(226 227 1106)
3(1219 1195 1395)
3(1160 1157 1164)
3(228 229 1118)
3(1234 1198 1258)
3(1166 1170 1175)
3(238 239 1103)
3(246 1126 1506)
3(1192 1174 1225)
3(1223 1208 1244)
3(1198 1184 1396)
3(230 231 1100)
3(1240 1224 1264)
3(1304 1302 1402)
3(1393 1311 1455)
3(1202 1190 1431)
3(1191 1202 1203)
3(1218 1237 1409)
3(1248 1247 1286)
3(1170 1171 1412)
3(1175 1190 1191)
3(227 228 1401)
3(1293 1259 1376)
3(236 237 1121)
3(1145 1384 1415)
3(232 233 1120)
3(1226 1225 1247)
3(1210 1203 1398)
3(1258 1396 1424)
3(1393 1188 1462)
3(237 238 1406)
3(211 212 1099)
3(1126 1467 1506)
3(1187 1186 1199)
3(234 235 1101)
3(1167 1162 1426)
3(1226 1249 1414)
3(1165 1164 1172)
3(1106 227 1401)
3(1378 1437 1481)
3(228 1118 1401)
3(1153 1151 1169)
3(1173 1172 1186)
3(1273 1274 1432)
3(1187 1201 1417)
3(256 257 1386)
3(1149 1147 1189)
3(242 243 1422)
3(1338 1339 1341)
3(1322 1250 1431)
3(257 1351 1386)
3(1269 1296 1333)
3(238 1103 1406)
3(1358 1411 1463)
3(1313 1314 1315)
3(1389 1161 1429)
3(210 211 1416)
3(223 224 1119)
3(1237 1292 1409)
3(1121 237 1406)
3(1306 1307 1308)
3(1184 1196 1396)
3(1203 1227 1398)
3(1315 1321 1408)
3(1133 1135 1397)
3(1231 1230 1232)
3(1120 1399 1500)
3(1251 1255 1343)
3(209 210 1122)
3(1180 1182 1183)
3(1159 1166 1405)
3(1225 1174 1426)
3(1390 1185 1456)
3(211 1099 1416)
3(1229 1216 1230)
3(1183 1184 1198)
3(1301 1108 1466)
3(1260 1265 1291)
3(1209 1203 1210)
3(1254 1493 1502)
3(1215 1214 1216)
3(223 1119 1403)
3(1211 1210 1212)
3(1213 1212 1214)
3(1151 1149 1413)
3(1307 1402 1455)
3(1244 1278 1383)
3(1234 1258 1260)
3(208 209 1418)
3(1291 1294 1446)
3(1357 1358 1482)
3(1147 1145 1415)
3(1227 1275 1398)
3(1287 1353 1486)
3(1282 1444 1474)
3(1169 1151 1413)
3(1149 1189 1413)
3(1342 240 1504)
3(207 208 1107)
3(1244 1245 1278)
3(1278 1279 1298)
3(1247 1225 1270)
3(1196 1221 1396)
3(1231 1232 1254)
3(1166 1175 1405)
3(1191 1203 1209)
3(1174 1167 1426)
3(1135 1194 1397)
3(1270 1225 1426)
3(1189 1147 1415)
3(1507 1286 1516)
3(1122 210 1416)
3(1368 1275 1458)
3(206 207 1419)
3(1111 242 1422)
3(205 206 1123)
3(1320 1318 1336)
3(1317 1315 1408)
3(1286 1247 1421)
3(1316 1315 1317)
3(203 204 1124)
3(204 205 1420)
3(1229 1230 1231)
3(1299 1268 1452)
3(1209 1211 1253)
3(1200 1199 1430)
3(1290 1277 1464)
3(1209 1210 1211)
3(1231 1254 1287)
3(1215 1216 1229)
3(1211 1212 1213)
3(1215 1229 1243)
3(1309 1308 1310)
3(1213 1214 1215)
3(1138 1136 1441)
3(1161 1180 1429)
3(1312 1310 1313)
3(1402 1302 1442)
3(1186 1172 1188)
3(1430 1199 1442)
3(1221 1263 1424)
3(1276 1380 1468)
3(1254 1232 1428)
3(1354 1349 1433)
3(1244 1208 1245)
3(1250 1202 1431)
3(209 1122 1418)
3(1305 1304 1306)
3(1452 1267 1489)
3(1316 1318 1319)
3(1180 1183 1429)
3(1175 1191 1425)
3(1232 1257 1428)
3(1233 1198 1234)
3(1272 1348 1465)
3(1303 1302 1304)
3(1301 1280 1302)
3(1306 1308 1309)
3(1183 1198 1233)
3(1313 1315 1316)
3(1279 1245 1280)
3(1247 1270 1421)
3(1316 1317 1318)
3(1317 1390 1456)
3(1399 1120 1514)
3(1278 1245 1279)
3(1234 1260 1261)
3(1274 1324 1432)
3(1312 1313 1423)
3(1107 208 1418)
3(1102 1434 1445)
3(1301 1302 1303)
3(1309 1310 1312)
3(1191 1209 1425)
3(222 1403 1438)
3(1303 1304 1305)
3(1358 1463 1473)
3(1447 1373 1508)
3(1485 1298 1499)
3(1286 1421 1516)
3(1279 1280 1301)
3(1319 1318 1320)
3(1405 1175 1425)
3(1474 1420 1498)
3(1209 1253 1425)
3(1261 1374 1460)
3(221 222 1438)
3(207 1107 1419)
3(1329 1327 1436)
3(230 1100 1450)
3(1396 1221 1424)
3(1353 1352 1482)
3(1208 1200 1430)
3(1123 206 1419)
3(1168 1353 1492)
3(1254 1428 1493)
3(1183 1233 1429)
3(1118 229 1450)
3(205 1123 1420)
3(1313 1316 1423)
3(1125 1388 1437)
3(1327 1410 1436)
3(1124 204 1420)
3(1387 1389 1435)
3(1385 1127 1439)
3(1316 1319 1423)
3(1305 1306 1434)
3(1350 216 1515)
3(260 1485 1499)
3(1306 1309 1434)
3(1446 1294 1488)
3(1439 1283 1505)
3(1280 1430 1442)
3(1461 1281 1498)
3(214 1109 1457)
3(1108 259 1499)
3(1382 1129 1517)
3(1245 1208 1430)
3(1353 1243 1486)
3(1280 1245 1430)
3(1348 1271 1461)
3(1355 1116 1459)
3(1378 1262 1518)
3(202 203 1443)
3(1445 1312 1454)
3(1443 1124 1444)
3(1318 1317 1456)
3(1185 1138 1441)
3(1297 1109 1475)
3(203 1124 1443)
3(1340 1397 1447)
3(1397 1194 1447)
3(1369 1100 1484)
3(1186 1188 1451)
3(1309 1312 1445)
3(1155 1153 1483)
3(1288 1266 1493)
3(240 241 1504)
3(1169 1332 1511)
3(1157 1155 1472)
3(1105 1355 1477)
3(1399 1362 1500)
3(1383 1278 1480)
3(1411 1253 1463)
3(1125 1437 1518)
3(229 230 1450)
3(1302 1280 1442)
3(1402 1442 1451)
3(216 217 1515)
3(1268 1267 1452)
3(1116 1359 1454)
3(1437 1378 1518)
3(1101 1399 1514)
3(1374 1447 1487)
3(1295 1299 1457)
3(1381 1405 1449)
3(232 1120 1484)
3(1428 1288 1493)
3(1336 1238 1512)
3(1129 1444 1517)
3(234 1101 1514)
3(1434 1309 1445)
3(1199 1186 1451)
3(220 10 1495)
3(1255 1289 1507)
3(1100 231 1484)
3(1283 1448 1505)
3(1253 1211 1463)
3(1188 1172 1462)
3(1281 1282 1474)
3(1234 1261 1460)
3(1103 239 1510)
3(216 1350 1475)
3(1359 1445 1454)
3(1312 1423 1454)
3(1281 1474 1498)
3(1120 233 1514)
3(1215 1243 1473)
3(1377 1378 1470)
3(264 9 1494)
3(1311 1307 1455)
3(1447 1194 1487)
3(1119 224 1496)
3(1444 1282 1517)
3(1442 1199 1451)
3(1129 1443 1444)
3(1405 1425 1449)
3(240 1342 1510)
3(1279 1301 1466)
3(1425 1253 1449)
3(1385 1439 1505)
3(1231 1287 1486)
3(1466 1108 1499)
3(9 202 1494)
3(1176 1343 1516)
3(1261 1260 1471)
3(1124 1420 1474)
3(213 214 1457)
3(1113 1448 1515)
3(1336 1318 1456)
3(1388 1128 1481)
3(10 221 1495)
3(1243 1229 1486)
3(1277 1364 1464)
3(1436 1119 1496)
3(1287 1254 1502)
3(1372 1476 1508)
3(1387 1435 1487)
3(1275 1300 1458)
3(1109 215 1475)
3(1114 1382 1469)
3(1115 1453 1476)
3(1331 1377 1470)
3(215 216 1475)
3(1364 1272 1465)
3(1290 1464 1509)
3(1172 1164 1462)
3(1392 1394 1511)
3(1454 1423 1459)
3(1329 1436 1496)
3(1282 1383 1469)
3(1248 1286 1503)
3(1342 1276 1468)
3(1355 1459 1477)
3(1233 1234 1460)
3(1468 1103 1510)
3(1211 1213 1463)
3(261 1114 1485)
3(1435 1233 1460)
3(260 261 1485)
3(1423 1319 1459)
3(1493 1356 1502)
3(1298 1279 1466)
3(1266 1356 1493)
3(1290 1479 1489)
3(1116 1454 1459)
3(1117 1440 1470)
3(1127 220 1495)
3(1465 1348 1513)
3(1462 1164 1472)
3(1129 264 1494)
3(1459 1319 1477)
3(1350 1297 1475)
3(1164 1157 1472)
3(1463 1213 1473)
3(1352 1357 1482)
3(1260 1291 1471)
3(1433 1320 1512)
3(1340 1447 1508)
3(1372 1115 1476)
3(1320 1336 1512)
3(1439 1127 1501)
3(1332 1392 1511)
3(1213 1215 1473)
3(1278 1298 1480)
3(1448 1113 1505)
3(1345 1406 1478)
3(1440 1331 1470)
3(1406 1103 1478)
3(1127 1438 1501)
3(1267 1248 1503)
3(1444 1124 1474)
3(1416 1099 1479)
3(1153 1169 1483)
3(1113 1385 1505)
3(231 232 1484)
3(1437 1388 1481)
3(1380 1288 1491)
3(1194 1387 1487)
3(1319 1320 1477)
3(1373 1372 1508)
3(259 260 1499)
3(1379 1168 1492)
3(1362 1367 1500)
3(1289 1290 1489)
3(1356 1285 1502)
3(224 225 1496)
3(241 1111 1504)
3(1438 1127 1495)
3(239 240 1510)
3(1403 1490 1501)
3(1262 1293 1518)
3(1479 1290 1509)
3(217 1113 1515)
3(233 234 1514)
3(1416 1479 1509)
3(1229 1231 1486)
3(1128 1427 1481)
3(1343 1255 1507)
3(1403 1119 1490)
3(1394 1483 1511)
3(1099 1452 1479)
3(1343 1507 1516)
3(1114 1480 1485)
3(1122 1416 1509)
3(1443 1129 1494)
3(1419 1107 1513)
3(221 1438 1495)
3(1438 1403 1501)
3(1298 1466 1499)
3(1420 1123 1498)
3(202 1443 1494)
3(1342 1468 1510)
3(1123 1461 1498)
3(1107 1465 1513)
3(1282 1469 1517)
3(1464 1122 1509)
3(1478 1380 1491)
3(1489 1267 1503)
3(1480 1298 1485)
3(1345 1478 1491)
3(1469 1382 1517)
3(1289 1489 1503)
3(1483 1169 1511)
4(6 245 1714 63)
4(63 1714 1739 62)
4(62 1739 1764 61)
4(61 1764 1789 60)
4(60 1789 1814 59)
4(59 1814 1839 58)
4(58 1839 1864 57)
4(57 1864 1889 56)
4(56 1889 1914 55)
4(55 1914 158 0)
3(1467 1341 75)
3(1453 75 1341)
3(1370 1104 72)
3(1497 245 6)
3(1440 68 1110)
3(1370 73 1115)
3(1446 71 1104)
3(1427 66 1117)
3(1440 1117 67)
3(1427 1128 65)
3(1453 1115 74)
3(1488 1110 69)
3(1488 70 1446)
3(1506 3 246)
3(1497 64 1128)
3(1506 1467 76)
4(11 158 159 12)
4(12 159 160 13)
4(13 160 161 14)
4(14 161 162 15)
4(15 162 163 16)
4(16 163 164 17)
4(17 164 165 18)
4(18 165 166 19)
4(19 166 167 20)
4(20 167 168 21)
4(21 168 169 22)
4(22 169 170 23)
4(23 170 171 24)
4(24 171 172 25)
4(25 172 173 26)
4(26 173 174 27)
4(27 174 175 28)
4(28 175 176 29)
4(29 176 177 30)
4(30 177 178 31)
4(31 178 179 32)
4(32 179 180 33)
4(33 180 181 34)
4(34 181 182 35)
4(35 182 7 1)
4(36 1 7 183)
4(37 36 183 184)
4(38 37 184 185)
4(39 38 185 186)
4(40 39 186 187)
4(41 40 187 188)
4(42 41 188 189)
4(43 42 189 190)
4(44 43 190 191)
4(45 44 191 192)
4(46 45 192 193)
4(47 46 193 194)
4(48 47 194 195)
4(49 48 195 196)
4(50 49 196 197)
4(51 50 197 198)
4(52 51 198 199)
4(53 52 199 200)
4(54 53 200 201)
4(2 54 201 8)
3(11 0 158)
4(87 88 248 247)
4(90 91 251 250)
4(92 93 253 252)
4(94 95 255 254)
4(102 103 263 262)
4(86 87 247 246)
4(88 89 249 248)
4(89 90 250 249)
4(97 98 258 257)
4(91 92 252 251)
4(93 94 254 253)
4(95 96 256 255)
4(103 104 264 263)
4(98 99 259 258)
4(101 102 262 261)
4(96 97 257 256)
4(104 4 9 264)
4(100 101 261 260)
4(99 100 260 259)
3(246 3 86)
4(4 77 265 9)
4(77 78 266 265)
4(78 79 267 266)
4(79 80 268 267)
4(80 81 269 268)
4(81 82 270 269)
4(82 83 271 270)
4(83 84 272 271)
4(84 85 273 272)
4(85 2 8 273)
)


// ************************************************************************* //
