/*--------------------------------*- C++ -*----------------------------------*\
  =========                 |
  \\      /  F ield         | OpenFOAM: The Open Source CFD Toolbox
   \\    /   O peration     | Website:  https://openfoam.org
    \\  /    A nd           | Version:  7
     \\/     M anipulation  |
\*---------------------------------------------------------------------------*/
FoamFile
{
    version     2.0;
    format      ascii;
    class       labelList;
    note        "nPoints:1915  nCells:1378  nFaces:5079  nInternalFaces:2247";
    location    "constant/porousMat/polyMesh";
    object      neighbour;
}
// * * * * * * * * * * * * * * * * * * * * * * * * * * * * * * * * * * * * * //


2247
(
1362
1377
1364
1367
1367
1372
1364
1368
1366
1373
1369
1370
1366
1370
1363
1372
1369
1371
1371
1376
1368
1374
1373
1374
1375
1377
1365
1376
15
34
1231
16
35
1161
17
36
1058
18
37
1059
19
38
1053
20
39
1051
21
40
1036
22
41
1026
23
42
1006
24
43
994
25
44
969
26
45
468
27
46
1235
28
47
934
29
48
1251
30
49
1186
31
50
918
32
51
881
33
52
805
53
214
1201
35
54
36
55
37
56
38
57
39
58
40
59
41
60
42
61
43
62
44
63
45
64
46
65
47
66
48
67
49
68
50
69
51
70
52
71
53
72
73
239
55
74
56
75
57
76
58
77
59
78
60
79
61
80
62
81
63
82
64
83
65
84
66
85
67
86
68
87
69
88
70
89
71
90
72
91
73
92
93
264
75
94
76
95
77
96
78
97
79
98
80
99
81
100
82
101
83
102
84
103
85
104
86
105
87
106
88
107
89
108
90
109
91
110
92
111
93
112
113
289
95
114
96
115
97
116
98
117
99
118
100
119
101
120
102
121
103
122
104
123
105
124
106
125
107
126
108
127
109
128
110
129
111
130
112
131
113
132
133
314
115
134
116
135
117
136
118
137
119
138
120
139
121
140
122
141
123
142
124
143
125
144
126
145
127
146
128
147
129
148
130
149
131
150
132
151
133
152
153
339
135
154
136
155
137
156
138
157
139
158
140
159
141
160
142
161
143
162
144
163
145
164
146
165
147
166
148
167
149
168
150
169
151
170
152
171
153
172
173
364
155
174
156
175
157
176
158
177
159
178
160
179
161
180
162
181
163
182
164
183
165
184
166
185
167
186
168
187
169
188
170
189
171
190
172
191
173
192
193
389
175
194
176
195
177
196
178
197
179
198
180
199
181
200
182
201
183
202
184
203
185
204
186
205
187
206
188
207
189
208
190
209
191
210
192
211
193
212
213
414
195
196
197
198
199
200
201
202
203
204
205
206
207
208
209
210
211
212
213
439
215
239
1239
216
240
1124
217
241
902
218
242
995
219
243
1314
220
244
481
221
245
938
222
246
959
223
247
941
224
248
1183
225
249
949
226
250
1303
227
251
963
228
252
1322
229
253
972
230
254
515
231
255
961
232
256
968
233
257
944
234
258
1317
235
259
1175
236
260
899
237
261
985
238
262
744
263
751
1352
240
264
241
265
242
266
243
267
244
268
245
269
246
270
247
271
248
272
249
273
250
274
251
275
252
276
253
277
254
278
255
279
256
280
257
281
258
282
259
283
260
284
261
285
262
286
263
287
288
1353
265
289
266
290
267
291
268
292
269
293
270
294
271
295
272
296
273
297
274
298
275
299
276
300
277
301
278
302
279
303
280
304
281
305
282
306
283
307
284
308
285
309
286
310
287
311
288
312
313
1354
290
314
291
315
292
316
293
317
294
318
295
319
296
320
297
321
298
322
299
323
300
324
301
325
302
326
303
327
304
328
305
329
306
330
307
331
308
332
309
333
310
334
311
335
312
336
313
337
338
1355
315
339
316
340
317
341
318
342
319
343
320
344
321
345
322
346
323
347
324
348
325
349
326
350
327
351
328
352
329
353
330
354
331
355
332
356
333
357
334
358
335
359
336
360
337
361
338
362
363
1356
340
364
341
365
342
366
343
367
344
368
345
369
346
370
347
371
348
372
349
373
350
374
351
375
352
376
353
377
354
378
355
379
356
380
357
381
358
382
359
383
360
384
361
385
362
386
363
387
388
1357
365
389
366
390
367
391
368
392
369
393
370
394
371
395
372
396
373
397
374
398
375
399
376
400
377
401
378
402
379
403
380
404
381
405
382
406
383
407
384
408
385
409
386
410
387
411
388
412
413
1358
390
414
391
415
392
416
393
417
394
418
395
419
396
420
397
421
398
422
399
423
400
424
401
425
402
426
403
427
404
428
405
429
406
430
407
431
408
432
409
433
410
434
411
435
412
436
413
437
438
1359
415
439
416
440
417
441
418
442
419
443
420
444
421
445
422
446
423
447
424
448
425
449
426
450
427
451
428
452
429
453
430
454
431
455
432
456
433
457
434
458
435
459
436
460
437
461
438
462
463
1360
440
441
442
443
444
445
446
447
448
449
450
451
452
453
454
455
456
457
458
459
460
461
462
463
1361
466
1285
1307
487
536
1369
582
1178
470
553
578
478
579
495
501
516
519
1233
476
1242
1327
477
715
1305
488
524
903
494
509
780
483
1033
1176
853
1139
1090
1195
584
969
491
519
1284
484
1014
1109
482
673
501
938
497
719
514
672
529
535
666
490
500
747
977
1325
638
1166
493
1114
1215
597
1315
1027
1368
522
548
692
911
1028
586
596
552
770
570
1238
1376
506
1034
513
563
1252
534
684
738
502
1052
756
505
960
520
564
921
507
574
802
543
659
529
1001
552
565
540
542
660
705
1190
517
522
571
538
688
735
533
636
837
674
1241
521
1113
586
603
551
976
518
1078
631
692
647
997
1294
560
988
678
577
592
832
1152
1192
565
573
803
556
558
655
566
1245
1266
545
587
690
1047
544
599
796
594
612
683
569
794
1004
545
847
1181
1227
1055
1101
1216
1274
550
655
1050
1243
1313
562
609
633
576
682
572
1023
1185
611
812
1182
1319
575
629
897
549
670
1249
625
646
1334
1148
1373
986
1363
615
1170
562
1105
706
598
1123
601
1079
1263
558
1030
1050
610
733
629
858
986
717
568
600
1177
561
1144
700
1108
978
1107
1342
596
603
929
1123
1191
620
1180
1258
1173
1328
1170
1194
751
1365
889
1250
632
1171
706
711
577
860
580
618
618
624
929
604
1308
1192
1235
622
677
600
681
967
607
1081
585
1259
1350
1061
1329
1048
1202
972
697
699
614
681
952
616
919
1232
610
656
1021
914
1010
1165
621
838
621
862
953
628
1099
606
705
714
766
872
1035
1115
1191
637
986
1277
1296
1345
630
914
1196
961
647
826
648
688
787
639
780
634
720
619
635
752
664
1135
900
657
1196
778
791
619
863
1158
653
753
664
1127
754
846
645
741
1159
649
1092
1248
1331
860
626
651
755
864
677
691
1158
1276
629
663
661
912
1271
640
1117
812
1072
894
966
952
967
859
981
654
716
777
643
910
658
670
690
847
679
885
843
1232
652
669
765
670
1244
1286
896
901
662
776
1154
686
1131
1341
1364
734
834
660
796
653
763
1070
704
895
1028
906
682
691
794
714
885
1081
1285
739
1168
744
985
668
749
786
809
945
1246
701
825
962
869
962
712
827
993
676
1002
710
727
694
1129
1132
695
815
1257
1314
1084
1344
707
828
836
702
812
1295
1366
804
1012
683
936
973
1255
1081
1046
713
895
942
948
966
720
1178
697
723
820
1310
769
807
819
989
875
699
723
892
743
748
988
732
775
1241
893
1086
1272
1329
937
755
983
722
799
708
865
709
737
890
741
1188
1179
756
750
758
726
1072
790
863
748
1283
905
1139
730
848
765
798
733
921
1348
731
845
900
965
726
730
830
879
883
731
852
982
730
736
814
765
772
774
736
825
834
873
774
785
748
785
795
743
795
825
925
752
1252
1311
784
827
1031
1132
827
1151
1158
750
1193
796
1002
800
801
1079
853
920
1318
908
870
881
918
1302
772
781
798
769
996
787
1313
798
870
767
883
1290
843
886
1126
782
822
957
771
781
782
793
973
784
787
856
792
884
981
793
828
936
883
917
768
771
828
835
877
845
867
791
940
960
802
1105
1177
979
814
817
822
1022
867
871
1278
818
863
843
880
824
920
1149
877
1173
943
923
1160
1216
1073
984
856
932
871
1064
1312
792
874
1083
931
947
936
930
1008
1311
1029
821
829
999
830
869
842
1305
816
913
884
849
857
868
877
808
1275
810
813
1298
854
955
881
1142
823
1248
909
1187
850
1061
1192
888
974
946
1153
831
915
820
838
925
947
839
840
832
932
933
1044
1265
907
916
1287
1367
854
891
1165
891
955
844
844
849
929
908
921
928
1008
1193
851
950
957
922
927
923
924
866
993
1141
915
1174
893
904
861
982
896
873
1141
851
903
909
897
971
1063
907
927
865
873
1306
1007
905
950
970
1362
930
1246
987
971
980
882
957
1108
1211
1045
1134
1266
1005
928
1003
1010
1138
1202
913
1260
954
1000
1015
1027
953
954
958
890
931
1258
992
1001
940
975
943
958
987
1018
975
980
892
946
964
956
964
922
923
1207
939
974
897
1015
1025
991
1280
935
951
1023
1052
1315
1020
1145
1236
1019
1112
989
919
982
907
998
1218
1310
926
916
1204
1129
1156
915
939
996
1237
950
992
1074
1321
1005
1289
1078
960
1319
1130
937
974
1040
1090
1030
1024
939
1007
1013
1152
1247
998
1085
989
976
1281
978
1135
1025
1091
1042
990
1209
970
1375
1009
1082
999
1013
1127
1203
1075
1093
1218
1083
1043
996
1056
1259
1089
976
978
997
1029
1194
1214
1039
1000
1016
1128
1206
990
997
1011
1377
1200
1198
1044
1254
1189
1304
1033
1301
1076
1105
988
1034
1047
1052
1083
1296
1114
1181
1097
1073
1011
1049
1019
1220
1095
1040
1030
1055
1045
1041
1060
1102
1179
1326
1049
1084
1088
1042
1044
1046
1101
1300
1060
1067
1096
1226
1230
1284
1043
1065
1133
1243
1269
1067
1071
1327
1065
1068
1068
1071
1033
1034
1218
1037
1180
1104
1084
1107
1148
1283
1047
1156
1229
1207
1221
1299
1175
1225
1107
1125
1082
1103
1103
1270
1292
1046
1099
1128
1066
1080
1120
1111
1169
1117
1330
1332
1246
1125
1131
1131
1136
1119
1237
1288
1057
1099
1117
1097
1100
1140
1167
1136
1140
1324
1187
1065
1122
1205
1077
1130
1241
1253
1229
1243
1069
1264
1215
1240
1095
1110
1291
1165
1088
1106
1110
1184
1185
1171
1206
1150
1222
1128
1260
1090
1133
1155
1113
1144
1187
1346
1100
1119
1143
1134
1111
1120
1096
1262
1252
1276
1109
1113
1109
1118
1184
1147
1134
1137
1103
1118
1157
1164
1164
1190
1214
1208
1233
1137
1212
1199
1172
1122
1124
1336
1282
1286
1308
1146
1337
1347
1226
1307
1224
1213
1234
1338
1227
1208
1335
1334
1139
1257
1183
1283
1155
1310
1195
1183
1338
1143
1182
1304
1234
1245
1228
1289
1268
1147
1186
1210
1267
1309
1199
1374
1204
1228
1157
1184
1213
1341
1235
1230
1309
1197
1349
1157
1240
1261
1273
1189
1319
1167
1339
1172
1211
1212
1167
1223
1299
1237
1247
1280
1169
1286
1219
1203
1200
1199
1301
1195
1271
1315
1290
1351
1281
1261
1311
1292
1205
1189
1222
1321
1211
1273
1198
1219
1224
1303
1288
1221
1223
1322
1222
1239
1275
1326
1303
1293
1264
1254
1213
1262
1263
1317
1251
1280
1256
1322
1291
1250
1231
1278
1306
1242
1314
1343
1333
1227
1317
1340
1270
1302
1324
1337
1339
1330
1284
1299
1293
1321
1304
1325
1335
1324
1257
1287
1308
1306
1251
1349
1287
1372
1295
1320
1344
1277
1290
1328
1268
1273
1343
1298
1340
1279
1266
1340
1282
1267
1331
1279
1271
1313
1337
1312
1320
1295
1370
1316
1342
1281
1333
1307
1291
1288
1297
1347
1302
1296
1348
1316
1336
1346
1323
1329
1351
1345
1350
1335
1327
1336
1323
1332
1371
1330
1351
1347
1344
1339
1342
1341
1349
1348
1350
1353
1365
1354
1355
1356
1357
1358
1359
1360
1361
1363
)


// ************************************************************************* //
