/*--------------------------------*- C++ -*----------------------------------*\
  =========                 |
  \\      /  F ield         | OpenFOAM: The Open Source CFD Toolbox
   \\    /   O peration     | Website:  https://openfoam.org
    \\  /    A nd           | Version:  7
     \\/     M anipulation  |
\*---------------------------------------------------------------------------*/
FoamFile
{
    version     2.0;
    format      ascii;
    class       faceList;
    location    "constant/alumina/polyMesh";
    object      faces;
}
// * * * * * * * * * * * * * * * * * * * * * * * * * * * * * * * * * * * * * //


3751
(
3(31 957 469)
3(30 469 957)
3(40 927 439)
3(39 439 927)
3(39 661 173)
3(38 173 661)
3(40 187 675)
3(41 675 187)
3(41 541 1029)
3(42 1029 541)
3(35 161 649)
3(36 649 161)
3(34 671 183)
3(33 183 671)
3(35 947 459)
3(34 459 947)
3(30 672 184)
3(29 184 672)
3(31 166 654)
3(32 654 166)
3(28 651 163)
3(27 163 651)
3(32 463 951)
3(33 951 463)
3(28 467 955)
3(29 955 467)
3(26 673 185)
3(25 185 673)
3(26 477 965)
3(27 965 477)
3(19 678 190)
3(18 190 678)
3(25 986 498)
3(24 498 986)
3(21 506 994)
3(22 994 506)
3(19 503 991)
3(20 991 503)
3(21 662 174)
3(20 174 662)
3(23 996 508)
3(22 508 996)
3(23 170 658)
3(24 658 170)
3(37 526 1014)
3(38 1014 526)
3(37 1039 551)
3(36 551 1039)
3(1 623 1111)
3(18 1111 623)
3(2 1107 619)
3(42 619 1107)
4(167 655 948 460)
4(429 460 948 917)
4(167 429 917 655)
4(177 665 898 410)
4(177 408 896 665)
4(408 410 898 896)
4(460 461 949 948)
4(167 655 949 461)
4(502 540 1028 990)
4(159 647 1028 540)
4(159 502 990 647)
4(385 472 960 873)
4(385 873 1119 631)
4(472 631 1119 960)
4(404 472 960 892)
4(385 404 892 873)
4(405 166 654 893)
4(405 893 957 469)
4(166 469 957 654)
4(376 519 1007 864)
4(517 376 864 1005)
4(517 1005 1007 519)
4(398 463 951 886)
4(398 886 958 470)
4(463 470 958 951)
4(208 696 973 485)
4(211 485 973 699)
4(208 211 699 696)
4(403 540 1028 891)
4(502 403 891 990)
4(310 470 958 798)
4(312 800 958 470)
4(312 310 798 800)
4(182 435 923 670)
4(435 587 1075 923)
4(182 670 1075 587)
4(242 479 967 730)
4(412 242 730 900)
4(412 900 967 479)
4(435 923 1020 532)
4(182 532 1020 670)
4(461 949 1094 606)
4(461 342 830 949)
4(342 606 1094 830)
4(339 483 971 827)
4(481 339 827 969)
4(481 969 971 483)
4(451 487 975 939)
4(451 939 1093 605)
4(487 605 1093 975)
4(339 484 972 827)
4(483 971 972 484)
4(188 414 902 676)
4(414 562 1050 902)
4(188 676 1050 562)
4(405 470 958 893)
4(166 654 958 470)
4(463 951 1112 624)
4(398 624 1112 886)
4(401 157 645 889)
4(401 889 1064 576)
4(157 576 1064 645)
4(411 178 666 899)
4(178 569 1057 666)
4(411 899 1057 569)
4(451 169 657 939)
4(169 487 975 657)
4(403 178 666 891)
4(178 540 1028 666)
4(242 730 973 485)
4(242 208 696 730)
4(481 538 1026 969)
4(339 827 1026 538)
4(157 645 1080 592)
4(401 592 1080 889)
4(207 480 968 695)
4(209 697 968 480)
4(209 207 695 697)
4(413 568 1056 901)
4(324 413 901 812)
4(324 812 1056 568)
4(188 407 895 676)
4(407 414 902 895)
4(410 577 1065 898)
4(177 665 1065 577)
4(562 1050 1105 617)
4(414 617 1105 902)
4(411 581 1069 899)
4(178 666 1069 581)
4(393 461 949 881)
4(393 881 1094 606)
4(479 967 973 485)
4(382 870 1093 605)
4(450 605 1093 938)
4(382 450 938 870)
4(386 874 1000 512)
4(366 512 1000 854)
4(386 366 854 874)
4(489 612 1100 977)
4(358 489 977 846)
4(358 846 1100 612)
4(186 504 992 674)
4(504 571 1059 992)
4(186 674 1059 571)
4(567 410 898 1055)
4(567 1055 1072 584)
4(410 584 1072 898)
4(550 1038 1093 605)
4(550 382 870 1038)
4(403 569 1057 891)
4(460 342 830 948)
4(594 1082 1092 604)
4(594 464 952 1082)
4(464 604 1092 952)
4(317 468 956 805)
4(319 807 956 468)
4(319 317 805 807)
4(251 404 892 739)
4(404 634 1122 892)
4(251 739 1122 634)
4(511 386 874 999)
4(511 999 1000 512)
4(415 184 672 903)
4(415 903 955 467)
4(184 467 955 672)
4(413 437 925 901)
4(437 568 1056 925)
4(368 856 1068 580)
4(370 580 1068 858)
4(368 370 858 856)
4(188 473 961 676)
4(407 895 961 473)
4(404 892 1117 629)
4(251 629 1117 739)
4(175 663 1092 604)
4(175 594 1082 663)
4(481 480 968 969)
4(480 538 1026 968)
4(489 555 1043 977)
4(555 612 1100 1043)
4(519 1007 1066 578)
4(376 578 1066 864)
4(413 901 1074 586)
4(413 583 1071 901)
4(583 586 1074 1071)
4(457 945 988 500)
4(457 296 784 945)
4(296 500 988 784)
4(464 952 992 504)
4(189 504 992 677)
4(464 189 677 952)
4(310 398 886 798)
4(242 730 968 480)
4(412 480 968 900)
4(338 826 972 484)
4(363 484 972 851)
4(338 363 851 826)
4(207 242 730 695)
4(405 312 800 893)
4(452 560 1048 940)
4(436 924 1048 560)
4(436 452 940 924)
4(256 413 901 744)
4(256 744 1074 586)
4(209 697 969 481)
4(425 464 952 913)
4(425 913 992 504)
4(427 457 945 915)
4(427 915 988 500)
4(603 611 1099 1091)
4(492 603 1091 980)
4(492 980 1099 611)
4(164 416 904 652)
4(164 652 1041 553)
4(416 553 1041 904)
4(452 344 832 940)
4(344 560 1048 832)
4(177 578 1066 665)
4(408 896 1066 578)
4(250 738 926 438)
4(250 420 908 738)
4(420 438 926 908)
4(339 338 826 827)
4(250 738 1131 643)
4(438 643 1131 926)
4(173 585 1073 661)
4(417 173 661 905)
4(417 905 1073 585)
4(592 610 1098 1080)
4(496 592 1080 984)
4(496 984 1098 610)
4(346 611 1099 834)
4(603 346 834 1091)
4(353 443 931 841)
4(353 841 1103 615)
4(443 615 1103 931)
4(450 451 939 938)
4(567 577 1065 1055)
4(376 864 1078 590)
4(517 590 1078 1005)
4(211 543 1031 699)
4(485 973 1031 543)
4(329 510 998 817)
4(331 819 998 510)
4(331 329 817 819)
4(431 919 945 457)
4(431 296 784 919)
4(599 620 1108 1087)
4(169 599 1087 657)
4(169 657 1108 620)
4(443 931 1096 608)
4(353 608 1096 841)
4(489 237 725 977)
4(237 632 1120 725)
4(489 977 1120 632)
4(415 468 956 903)
4(184 672 956 468)
4(368 512 1000 856)
4(366 368 856 854)
4(237 725 1127 639)
4(489 639 1127 977)
4(468 405 893 956)
4(468 956 957 469)
4(317 405 893 805)
4(512 1000 1068 580)
4(415 319 807 903)
4(514 381 869 1002)
4(514 1002 1021 533)
4(381 533 1021 869)
4(397 885 1119 631)
4(397 385 873 885)
4(526 585 1073 1014)
4(173 526 1014 661)
4(513 381 869 1001)
4(513 1001 1002 514)
4(558 1046 1054 566)
4(558 288 776 1046)
4(288 566 1054 776)
4(486 974 1052 564)
4(486 281 769 974)
4(281 564 1052 769)
4(484 972 974 486)
4(363 486 974 851)
4(429 618 1106 917)
4(428 429 917 916)
4(428 916 1106 618)
4(448 936 1020 532)
4(355 532 1020 843)
4(448 355 843 936)
4(415 903 998 510)
4(467 510 998 955)
4(411 160 648 899)
4(160 581 1069 648)
4(463 166 654 951)
4(429 627 1115 917)
4(618 1106 1115 627)
4(393 589 1077 881)
4(461 949 1077 589)
4(421 909 965 477)
4(421 163 651 909)
4(163 477 965 651)
4(355 444 932 843)
4(434 355 843 922)
4(434 922 932 444)
4(324 583 1071 812)
4(448 610 1098 936)
4(592 448 936 1080)
4(386 874 1025 537)
4(511 537 1025 999)
4(564 1052 1060 572)
4(520 572 1060 1008)
4(564 520 1008 1052)
4(190 678 1072 584)
4(190 567 1055 678)
4(484 972 1052 564)
4(294 444 932 782)
4(355 294 782 843)
4(239 420 908 727)
4(250 239 727 738)
4(537 1025 1062 574)
4(537 165 653 1025)
4(165 574 1062 653)
4(160 648 1081 593)
4(411 593 1081 899)
4(486 974 1054 566)
4(486 558 1046 974)
4(419 176 664 907)
4(176 518 1006 664)
4(419 907 1006 518)
4(186 600 1088 674)
4(504 992 1088 600)
4(504 458 946 992)
4(458 571 1059 946)
4(245 430 918 733)
4(259 245 733 747)
4(259 747 918 430)
4(329 415 903 817)
4(393 598 1086 881)
4(589 1077 1086 598)
4(416 516 1004 904)
4(400 416 904 888)
4(400 888 1004 516)
4(441 353 841 929)
4(441 929 1103 615)
4(421 909 998 510)
4(421 331 819 909)
4(236 724 930 442)
4(220 442 930 708)
4(236 220 708 724)
4(392 526 1014 880)
4(392 880 1039 551)
4(526 551 1039 1014)
4(308 422 910 796)
4(308 796 911 423)
4(422 423 911 910)
4(91 115 961 473)
4(90 473 961 116)
4(239 238 726 727)
4(238 420 908 726)
4(457 945 1113 625)
4(427 625 1113 915)
4(249 437 925 737)
4(413 249 737 901)
4(416 904 1101 613)
4(164 613 1101 652)
4(236 724 931 443)
4(442 443 931 930)
4(421 909 966 478)
4(477 478 966 965)
4(406 620 1108 894)
4(599 406 894 1087)
4(224 436 924 712)
4(436 471 959 924)
4(224 712 959 471)
4(433 431 919 921)
4(433 921 945 457)
4(257 444 932 745)
4(294 257 745 782)
4(570 1058 1063 575)
4(570 507 995 1058)
4(507 575 1063 995)
4(393 388 876 881)
4(388 598 1086 876)
4(308 307 795 796)
4(307 422 910 795)
4(232 720 934 446)
4(232 240 728 720)
4(240 446 934 728)
4(559 561 1049 1047)
4(509 559 1047 997)
4(509 997 1049 561)
4(241 430 918 729)
4(245 241 729 733)
4(475 963 1029 541)
4(475 191 679 963)
4(191 541 1029 679)
4(218 442 930 706)
4(220 218 706 708)
4(228 445 933 716)
4(227 228 716 715)
4(227 715 933 445)
4(513 524 1012 1001)
4(381 869 1012 524)
4(228 716 934 446)
4(228 232 720 716)
4(222 436 924 710)
4(224 222 710 712)
4(409 897 1063 575)
4(409 570 1058 897)
4(530 536 1024 1018)
4(498 986 1024 536)
4(498 530 1018 986)
4(163 651 998 510)
4(218 440 928 706)
4(440 442 930 928)
4(256 418 906 744)
4(418 588 1076 906)
4(256 744 1076 588)
4(465 466 954 953)
4(466 549 1037 954)
4(465 953 1037 549)
4(445 933 934 446)
4(204 692 935 447)
4(204 336 824 692)
4(336 447 935 824)
4(214 449 937 702)
4(243 214 702 731)
4(243 731 937 449)
4(588 596 1084 1076)
4(335 588 1076 823)
4(335 823 1084 596)
4(249 235 723 737)
4(235 437 925 723)
4(261 296 784 749)
4(260 261 749 748)
4(260 748 784 296)
4(532 610 1098 1020)
4(434 532 1020 922)
4(168 656 681 193)
4(168 83 123 656)
4(83 193 681 123)
4(481 482 970 969)
4(209 697 970 482)
4(424 423 911 912)
4(424 912 913 425)
4(423 425 913 911)
4(432 431 919 920)
4(432 920 921 433)
4(259 260 748 747)
4(258 259 747 746)
4(258 746 748 260)
4(81 125 941 453)
4(81 160 648 125)
4(160 453 941 648)
4(386 874 1062 574)
4(82 124 941 453)
4(216 440 928 704)
4(218 216 704 706)
4(328 388 876 816)
4(328 816 881 393)
4(430 250 738 918)
4(250 579 1067 738)
4(430 918 1067 579)
4(297 307 795 785)
4(297 785 796 308)
4(333 422 910 821)
4(307 333 821 795)
4(471 959 1048 560)
4(428 916 1092 604)
4(428 175 663 916)
4(483 564 1052 971)
4(483 971 1060 572)
4(241 250 738 729)
4(188 91 115 676)
4(232 238 726 720)
4(232 720 727 239)
4(90 172 660 116)
4(172 473 961 660)
4(327 328 816 815)
4(326 327 815 814)
4(326 814 816 328)
4(541 622 1110 1029)
4(475 963 1110 622)
4(370 407 895 858)
4(407 580 1068 895)
4(167 655 985 497)
4(461 497 985 949)
4(501 989 1088 600)
4(426 600 1088 914)
4(501 426 914 989)
4(308 424 912 796)
4(424 500 988 912)
4(308 796 988 500)
4(441 626 1114 929)
4(353 841 1114 626)
4(228 231 719 716)
4(231 232 720 719)
4(296 784 785 297)
4(261 297 785 749)
4(333 428 916 821)
4(422 910 916 428)
4(259 261 749 747)
4(231 471 959 719)
4(262 231 719 750)
4(262 750 959 471)
4(245 258 746 733)
4(257 745 746 258)
4(257 245 733 745)
4(326 438 926 814)
4(420 326 814 908)
4(214 212 700 702)
4(212 449 937 700)
4(244 241 729 732)
4(244 732 733 245)
4(239 241 729 727)
4(240 239 727 728)
4(240 728 729 241)
4(314 431 919 802)
4(314 802 920 432)
4(186 501 989 674)
4(433 456 944 921)
4(455 943 944 456)
4(455 433 921 943)
4(424 427 915 912)
4(256 249 737 744)
4(226 228 716 714)
4(227 226 714 715)
4(193 194 682 681)
4(168 656 682 194)
4(258 444 932 746)
4(505 397 885 993)
4(505 993 1119 631)
4(289 326 814 777)
4(263 751 814 326)
4(263 289 777 751)
4(196 684 942 454)
4(266 454 942 754)
4(196 266 754 684)
4(454 472 960 942)
4(336 824 960 472)
4(336 454 942 824)
4(450 335 823 938)
4(335 451 939 823)
4(231 226 714 719)
4(226 471 959 714)
4(254 249 737 742)
4(254 742 744 256)
4(222 236 724 710)
4(236 436 924 724)
4(225 713 714 226)
4(225 224 712 713)
4(224 226 714 712)
4(327 388 876 815)
4(443 452 940 931)
4(236 724 940 452)
4(260 431 919 748)
4(314 260 748 802)
4(513 85 121 1001)
4(85 524 1012 121)
4(230 445 933 718)
4(437 230 718 925)
4(437 925 933 445)
4(231 238 726 719)
4(84 122 656 168)
4(443 595 1083 931)
4(452 940 1083 595)
4(223 711 712 224)
4(223 222 710 711)
4(289 327 815 777)
4(230 227 715 718)
4(259 747 1034 546)
4(430 546 1034 918)
4(349 502 990 837)
4(396 349 837 884)
4(396 884 990 502)
4(325 813 843 355)
4(325 294 782 813)
4(206 694 935 447)
4(206 204 692 694)
4(263 420 908 751)
4(238 263 751 726)
4(281 769 1054 566)
4(412 538 1026 900)
4(315 803 823 335)
4(315 265 753 803)
4(265 335 823 753)
4(222 220 708 710)
4(301 462 950 789)
4(389 301 789 877)
4(389 877 950 462)
4(247 735 737 249)
4(247 235 723 735)
4(235 230 718 723)
4(221 709 710 222)
4(221 220 708 709)
4(198 686 942 454)
4(198 196 684 686)
4(327 515 1003 815)
4(394 327 815 882)
4(394 882 1003 515)
4(328 438 926 816)
4(193 82 124 681)
4(193 681 941 453)
4(424 912 914 426)
4(425 426 914 913)
4(456 457 945 944)
4(456 944 1113 625)
4(530 364 852 1018)
4(364 536 1024 852)
4(216 243 731 704)
4(243 440 928 731)
4(219 707 708 220)
4(219 218 706 707)
4(496 157 645 984)
4(337 478 966 825)
4(354 842 966 478)
4(354 337 825 842)
4(289 515 1003 777)
4(337 421 909 825)
4(258 746 802 314)
4(217 705 706 218)
4(217 216 704 705)
4(565 1053 1089 601)
4(565 158 646 1053)
4(158 601 1089 646)
4(533 557 1045 1021)
4(514 1002 1045 557)
4(214 216 704 702)
4(215 703 704 216)
4(215 214 702 703)
4(419 616 1104 907)
4(176 664 1104 616)
4(185 478 966 673)
4(477 185 673 965)
4(614 625 1113 1102)
4(171 614 1102 659)
4(171 659 1113 625)
4(297 500 988 785)
4(240 728 732 244)
4(213 701 702 214)
4(213 212 700 701)
4(244 732 745 257)
4(253 465 953 741)
4(248 736 953 465)
4(248 253 741 736)
4(440 928 929 441)
4(243 441 929 731)
4(212 251 739 700)
4(251 449 937 739)
4(225 713 715 227)
4(210 212 700 698)
4(211 699 700 212)
4(211 210 698 699)
4(325 813 936 448)
4(297 298 786 785)
4(298 307 795 786)
4(358 488 976 846)
4(488 489 977 976)
4(192 680 1105 617)
4(192 562 1050 680)
4(309 333 821 797)
4(307 309 797 795)
4(223 711 713 225)
4(266 472 960 754)
4(390 325 813 878)
4(390 878 936 448)
4(315 803 938 450)
4(247 735 742 254)
4(559 334 822 1047)
4(334 561 1049 822)
4(238 262 750 726)
4(262 263 751 750)
4(210 251 739 698)
4(221 709 711 223)
4(465 389 877 953)
4(389 466 954 877)
4(303 791 950 462)
4(303 358 846 791)
4(358 462 950 846)
4(311 490 978 799)
4(488 311 799 976)
4(488 976 978 490)
4(382 315 803 870)
4(299 465 953 787)
4(253 299 787 741)
4(301 303 791 789)
4(263 264 752 751)
4(264 289 777 752)
4(406 401 889 894)
4(406 894 1064 576)
4(358 306 794 846)
4(306 488 976 794)
4(530 531 1019 1018)
4(364 852 1019 531)
4(423 464 952 911)
4(201 689 942 454)
4(201 198 686 689)
4(219 707 709 221)
4(472 629 1117 960)
4(336 824 1117 629)
4(217 705 707 219)
4(195 524 1012 683)
4(168 656 1012 524)
4(168 195 683 656)
4(215 703 705 217)
4(237 725 1130 642)
4(639 642 1130 1127)
4(213 701 703 215)
4(357 479 967 845)
4(357 845 973 485)
4(211 699 701 213)
4(201 336 824 689)
4(204 201 689 692)
4(318 479 967 806)
4(357 318 806 845)
4(499 987 1017 529)
4(499 373 861 987)
4(373 529 1017 861)
4(299 389 877 787)
4(165 513 1001 653)
4(165 653 1002 514)
4(208 696 698 210)
4(206 210 698 694)
4(208 206 694 696)
4(178 78 128 666)
4(78 540 1028 128)
4(299 301 789 787)
4(80 160 648 126)
4(467 163 651 955)
4(210 698 935 447)
4(303 306 794 791)
4(313 490 978 801)
4(311 313 801 799)
4(351 502 990 839)
4(349 351 839 837)
4(347 349 837 835)
4(347 835 884 396)
4(278 766 1017 529)
4(278 499 987 766)
4(290 778 834 346)
4(345 346 834 833)
4(290 345 833 778)
4(164 652 1078 590)
4(553 590 1078 1041)
4(79 127 666 178)
4(516 1004 1101 613)
4(313 357 845 801)
4(357 490 978 845)
4(495 983 1009 521)
4(282 521 1009 770)
4(495 282 770 983)
4(445 568 1056 933)
4(200 688 689 201)
4(200 198 686 688)
4(193 681 993 505)
4(453 505 993 941)
4(320 479 967 808)
4(318 320 808 806)
4(194 682 993 505)
4(399 630 1118 887)
4(399 887 1122 634)
4(630 634 1122 1118)
4(162 435 923 650)
4(435 638 1126 923)
4(162 650 1126 638)
4(194 266 754 682)
4(196 194 682 684)
4(343 495 983 831)
4(343 831 1009 521)
4(482 970 971 483)
4(86 513 1001 120)
4(165 86 120 653)
4(320 412 900 808)
4(549 1037 1044 556)
4(466 556 1044 954)
4(442 615 1103 930)
4(266 754 993 505)
4(185 673 1024 536)
4(185 498 986 673)
4(76 159 647 130)
4(77 129 647 159)
4(76 476 964 130)
4(159 647 964 476)
4(305 272 760 793)
4(272 494 982 760)
4(305 793 982 494)
4(451 599 1087 939)
4(195 381 869 683)
4(290 778 1003 515)
4(346 515 1003 834)
4(203 201 689 691)
4(203 691 692 204)
4(313 318 806 801)
4(351 403 891 839)
4(170 658 997 509)
4(508 509 997 996)
4(170 508 996 658)
4(274 305 793 762)
4(274 762 1008 520)
4(305 520 1008 793)
4(332 338 826 820)
4(332 820 827 339)
4(320 330 818 808)
4(330 412 900 818)
4(351 359 847 839)
4(359 403 891 847)
4(434 432 920 922)
4(434 922 923 435)
4(432 435 923 920)
4(46 97 667 179)
4(45 179 667 96)
4(74 180 668 132)
4(75 131 668 180)
4(261 298 786 749)
4(184 672 957 469)
4(552 1040 1056 568)
4(552 324 812 1040)
4(506 994 995 507)
4(174 507 995 662)
4(506 174 662 994)
4(172 511 999 660)
4(172 660 1000 512)
4(429 333 821 917)
4(333 460 948 821)
4(306 311 799 794)
4(89 511 999 117)
4(172 89 117 660)
4(343 377 865 831)
4(377 495 983 865)
4(200 688 691 203)
4(47 169 657 98)
4(48 99 657 169)
4(44 95 679 191)
4(43 191 679 94)
4(229 227 715 717)
4(229 717 718 230)
4(88 511 999 118)
4(393 641 1129 881)
4(328 816 1129 641)
4(446 552 1040 934)
4(446 934 1056 568)
4(375 373 861 863)
4(375 863 987 499)
4(292 780 831 343)
4(340 343 831 828)
4(292 340 828 780)
4(371 859 861 373)
4(371 369 857 859)
4(369 373 861 857)
4(92 114 676 188)
4(274 272 760 762)
4(292 780 1009 521)
4(293 257 745 781)
4(293 781 782 294)
4(180 491 979 668)
4(491 492 980 979)
4(180 668 980 492)
4(87 119 653 165)
4(9 516 1004 153)
4(10 152 1004 516)
4(343 376 864 831)
4(376 377 865 864)
4(72 158 646 134)
4(73 133 646 158)
4(280 521 1009 768)
4(282 280 768 770)
4(276 764 1008 520)
4(276 274 762 764)
4(276 281 769 764)
4(279 276 764 767)
4(279 767 769 281)
4(13 149 1005 517)
4(12 517 1005 150)
4(418 906 1074 586)
4(388 876 882 394)
4(55 455 943 106)
4(56 107 943 455)
4(51 102 645 157)
4(50 157 645 101)
4(9 176 664 153)
4(176 516 1004 664)
4(340 376 864 828)
4(361 384 872 849)
4(361 849 899 411)
4(384 411 899 872)
4(291 292 780 779)
4(284 772 780 292)
4(284 291 779 772)
4(8 176 664 154)
4(316 340 828 804)
4(292 316 804 780)
4(374 373 861 862)
4(374 862 863 375)
4(281 769 1008 520)
4(13 519 1007 149)
4(14 148 1007 519)
4(409 897 1072 584)
4(575 584 1072 1063)
4(12 150 652 164)
4(11 164 652 151)
4(205 204 692 693)
4(205 693 694 206)
4(70 181 669 136)
4(71 135 669 181)
4(8 154 1006 518)
4(7 518 1006 155)
4(284 521 1009 772)
4(280 284 772 768)
4(167 627 1115 655)
4(164 517 1005 652)
4(7 155 680 192)
4(6 192 680 156)
4(251 739 935 447)
4(74 491 979 132)
4(14 177 665 148)
4(15 147 665 177)
4(414 372 860 902)
4(372 419 907 860)
4(414 902 907 419)
4(272 269 757 760)
4(269 494 982 757)
4(52 182 670 103)
4(53 104 670 182)
4(371 859 862 374)
4(370 858 859 371)
4(370 369 857 858)
4(408 409 897 896)
4(409 410 898 897)
4(63 143 946 458)
4(62 458 946 144)
4(63 189 677 143)
4(64 142 677 189)
4(271 269 757 759)
4(271 759 760 272)
4(202 494 982 690)
4(269 202 690 757)
4(316 408 896 804)
4(340 828 896 408)
4(277 280 768 765)
4(277 765 770 282)
4(69 137 655 167)
4(68 167 655 138)
4(65 175 663 141)
4(66 140 663 175)
4(192 518 1006 680)
4(323 294 782 811)
4(323 811 813 325)
4(478 536 1024 966)
4(354 842 1024 536)
4(291 316 804 779)
4(177 665 1007 519)
4(374 862 867 379)
4(375 379 867 863)
4(287 283 771 775)
4(287 775 776 288)
4(283 288 776 771)
4(505 637 1125 993)
4(397 885 1125 637)
4(418 596 1084 906)
4(354 363 851 842)
4(338 354 842 826)
4(370 858 860 372)
4(371 372 860 859)
4(55 106 650 162)
4(54 162 650 105)
4(368 856 857 369)
4(368 367 855 856)
4(367 369 857 855)
4(255 254 742 743)
4(255 743 753 265)
4(254 265 753 742)
4(329 330 818 817)
4(320 329 817 808)
4(331 332 820 819)
4(330 331 819 818)
4(330 818 820 332)
4(422 910 1092 604)
4(380 325 813 868)
4(380 868 878 390)
4(337 338 826 825)
4(332 337 825 820)
4(379 400 888 867)
4(374 862 888 400)
4(46 487 975 97)
4(47 98 975 487)
4(45 96 962 474)
4(44 474 962 95)
4(58 109 659 171)
4(57 171 659 108)
4(379 416 904 867)
4(316 409 897 804)
4(366 854 855 367)
4(366 285 773 854)
4(285 367 855 773)
4(262 264 752 750)
4(309 460 948 797)
4(170 530 1018 658)
4(498 170 658 986)
4(390 401 889 878)
4(391 390 878 879)
4(391 879 889 401)
4(402 401 889 890)
4(402 890 894 406)
4(59 186 674 110)
4(60 111 674 186)
4(162 587 1075 650)
4(207 206 694 695)
4(207 695 696 208)
4(407 372 860 895)
4(298 309 797 786)
4(372 522 1010 860)
4(419 907 1010 522)
4(371 859 1010 522)
4(374 522 1010 862)
4(160 637 1125 648)
4(453 941 1125 637)
4(273 275 763 761)
4(273 761 766 278)
4(275 278 766 763)
4(287 291 779 775)
4(284 287 775 772)
4(84 122 1012 524)
4(280 283 771 768)
4(283 284 772 771)
4(277 279 767 765)
4(279 280 768 767)
4(270 758 759 271)
4(270 269 757 758)
4(291 779 822 334)
4(287 334 822 775)
4(234 230 718 722)
4(234 722 723 235)
4(267 265 753 755)
4(267 755 803 315)
4(273 272 760 761)
4(273 761 762 274)
4(400 522 1010 888)
4(276 277 765 764)
4(275 276 764 763)
4(275 763 765 277)
4(271 759 761 273)
4(369 529 1017 857)
4(319 320 808 807)
4(318 319 807 806)
4(279 283 771 767)
4(203 691 693 205)
4(354 364 852 842)
4(363 851 852 364)
4(246 235 723 734)
4(246 734 735 247)
4(202 523 1011 690)
4(494 982 1011 523)
4(275 274 762 763)
4(199 687 688 200)
4(199 198 686 687)
4(331 337 825 819)
4(289 777 778 290)
4(264 290 778 752)
4(606 641 1129 1094)
4(321 315 803 809)
4(321 809 870 382)
4(205 693 695 207)
4(209 697 1016 528)
4(482 528 1016 970)
4(525 278 766 1013)
4(525 1013 1017 529)
4(332 820 1026 538)
4(51 496 984 102)
4(52 103 984 496)
4(330 538 1026 818)
4(200 202 690 688)
4(199 687 690 202)
4(319 329 817 807)
4(72 493 981 134)
4(158 646 981 493)
4(271 285 773 759)
4(270 758 773 285)
4(286 527 1015 774)
4(378 286 774 866)
4(378 866 1015 527)
4(317 318 806 805)
4(313 317 805 801)
4(205 693 697 209)
4(273 525 1013 761)
4(271 759 1013 525)
4(70 497 985 136)
4(181 669 985 497)
4(194 195 683 682)
4(365 366 854 853)
4(365 853 874 386)
4(268 269 757 756)
4(268 756 758 270)
4(88 537 1025 118)
4(367 525 1013 855)
4(367 855 1017 529)
4(268 202 690 756)
4(200 688 1011 523)
4(203 523 1011 691)
4(58 501 989 109)
4(59 110 989 501)
4(345 347 835 833)
4(346 834 835 347)
4(535 282 770 1023)
4(535 1023 1033 545)
4(282 545 1033 770)
4(312 313 801 800)
4(311 312 800 799)
4(195 683 684 196)
4(365 285 773 853)
4(285 525 1013 773)
4(213 701 725 237)
4(215 237 725 703)
4(310 311 799 798)
4(306 310 798 794)
4(240 552 1040 728)
4(270 758 853 365)
4(87 119 1025 537)
4(530 509 997 1018)
4(509 531 1019 997)
4(507 995 1047 559)
4(507 334 822 995)
4(199 687 756 268)
4(304 306 794 792)
4(303 304 792 791)
4(252 527 1015 740)
4(286 252 740 774)
4(197 685 686 198)
4(197 196 684 685)
4(197 685 687 199)
4(278 535 1023 766)
4(499 987 1023 535)
4(77 540 1028 129)
4(356 844 866 378)
4(356 286 774 844)
4(314 444 932 802)
4(300 301 789 788)
4(299 300 788 787)
4(302 303 791 790)
4(301 302 790 789)
4(312 317 805 800)
4(277 765 1023 535)
4(543 237 725 1031)
4(543 1031 1130 642)
4(75 476 964 131)
4(197 685 1021 533)
4(199 533 1021 687)
4(179 487 975 667)
4(314 802 922 434)
4(219 707 721 233)
4(221 233 721 709)
4(179 667 962 474)
4(295 299 787 783)
4(253 295 783 741)
4(595 1083 1096 608)
4(275 535 1023 763)
4(191 474 962 679)
4(225 713 717 229)
4(73 491 979 133)
4(205 693 1016 528)
4(69 497 985 137)
4(265 588 1076 753)
4(71 493 981 135)
4(426 427 915 914)
4(304 310 798 792)
4(203 691 1016 528)
4(523 1011 1016 528)
4(499 987 1033 545)
4(244 732 781 293)
4(494 554 1042 982)
4(305 793 1042 554)
4(195 683 685 197)
4(305 572 1060 793)
4(302 304 792 790)
4(162 455 943 650)
4(474 962 963 475)
4(385 873 887 399)
4(362 399 887 850)
4(385 362 850 873)
4(399 534 1022 887)
4(534 630 1118 1022)
4(189 677 946 458)
4(247 735 743 255)
4(252 539 1027 740)
4(527 1015 1027 539)
4(197 381 869 685)
4(300 302 790 788)
4(304 398 886 792)
4(268 533 1021 756)
4(390 592 1080 878)
4(182 670 984 496)
4(362 850 1022 534)
4(362 360 848 850)
4(360 534 1022 848)
4(183 671 1112 624)
4(183 463 951 671)
4(229 717 722 234)
4(213 543 1031 701)
4(295 300 788 783)
4(384 385 873 872)
4(384 872 885 397)
4(293 781 811 323)
4(171 501 989 659)
4(579 1067 1131 643)
4(261 546 1034 749)
4(298 786 1034 546)
4(508 559 1047 996)
4(323 811 868 380)
4(399 404 892 887)
4(506 994 1047 559)
4(347 348 836 835)
4(348 349 837 836)
4(380 868 879 391)
4(495 545 1033 983)
4(391 879 890 402)
4(255 743 755 267)
4(375 863 1033 545)
4(234 722 734 246)
4(290 344 832 778)
4(344 345 833 832)
4(349 350 838 837)
4(350 351 839 838)
4(309 797 830 342)
4(309 341 829 797)
4(341 342 830 829)
4(302 790 875 387)
4(300 387 875 788)
4(362 384 872 850)
4(361 362 850 849)
4(356 844 880 392)
4(378 392 880 866)
4(352 350 838 840)
4(350 353 841 838)
4(352 840 841 353)
4(267 755 809 321)
4(334 822 1058 570)
4(360 361 849 848)
4(359 360 848 847)
4(359 847 849 361)
4(352 359 847 840)
4(351 352 840 839)
4(248 736 1037 549)
4(254 742 1076 588)
4(545 548 1036 1033)
4(375 863 1036 548)
4(92 562 1050 114)
4(93 113 1050 562)
4(363 558 1046 851)
4(288 531 1019 776)
4(288 776 1049 561)
4(531 561 1049 1019)
4(247 539 1027 735)
4(246 734 1027 539)
4(531 1019 1046 558)
4(557 365 853 1045)
4(557 1045 1062 574)
4(365 574 1062 853)
4(286 295 783 774)
4(253 286 774 741)
4(287 775 1049 561)
4(495 548 1036 983)
4(279 767 1054 566)
4(361 849 1057 569)
4(364 852 1046 558)
4(377 548 1036 865)
4(345 348 836 833)
4(295 783 844 356)
4(283 566 1054 771)
4(264 344 832 752)
4(352 360 848 840)
4(253 252 740 741)
4(348 350 838 836)
4(270 758 1045 557)
4(359 569 1057 847)
4(394 882 1091 603)
4(515 603 1091 1003)
4(576 49 100 1064)
4(576 1064 1108 620)
4(49 620 1108 100)
4(528 554 1042 1016)
4(523 1011 1042 554)
4(219 555 1043 707)
4(217 705 1043 555)
4(514 574 1062 1002)
4(341 298 786 829)
4(341 829 1034 546)
4(248 252 740 736)
4(548 1036 1041 553)
4(377 553 1041 865)
4(180 476 964 668)
4(321 809 1035 547)
4(382 547 1035 870)
4(440 928 1103 615)
4(248 246 734 736)
4(246 252 740 734)
4(459 597 1085 947)
4(161 649 1085 597)
4(161 459 947 649)
4(234 722 736 248)
4(447 629 1117 935)
4(482 554 1042 970)
4(379 867 1036 548)
4(394 565 1053 882)
4(394 882 1089 601)
4(262 750 1048 560)
4(255 539 1027 743)
4(225 556 1044 713)
4(223 711 1044 556)
4(158 491 979 646)
4(80 581 1069 126)
4(462 950 1100 612)
4(304 544 1032 792)
4(398 886 1032 544)
4(302 544 1032 790)
4(379 867 1041 553)
4(293 781 812 324)
4(323 324 812 811)
4(341 395 883 829)
4(342 830 883 395)
4(181 493 981 669)
4(474 550 1038 962)
4(179 667 1038 550)
4(322 321 809 810)
4(322 810 871 383)
4(321 383 871 809)
4(267 755 810 322)
4(173 661 1121 633)
4(417 633 1121 905)
4(391 879 906 418)
4(402 418 906 890)
4(291 779 1058 570)
4(316 570 1058 804)
4(614 456 944 1102)
4(244 552 1040 732)
4(268 557 1045 756)
4(300 788 1030 542)
4(295 542 1030 783)
4(322 810 905 417)
4(383 417 905 871)
4(175 663 1106 618)
4(462 602 1090 950)
4(389 877 1090 602)
4(475 550 1038 963)
4(293 552 1040 781)
4(50 101 1064 576)
4(387 544 1032 875)
4(174 575 1063 662)
4(387 875 1030 542)
4(356 542 1030 844)
4(233 555 1043 721)
4(234 549 1037 722)
4(229 717 1037 549)
4(459 947 1097 609)
4(183 609 1097 671)
4(459 183 671 947)
4(593 637 1125 1081)
4(60 111 1059 571)
4(15 147 1065 577)
4(340 578 1066 828)
4(229 556 1044 717)
4(79 127 1069 581)
4(264 752 1048 560)
4(508 506 994 996)
4(383 871 1035 547)
4(187 622 1110 675)
4(541 187 675 1029)
4(432 638 1126 920)
4(53 104 1075 587)
4(189 677 1082 594)
4(491 565 1053 979)
4(492 980 1053 565)
4(423 604 1092 911)
4(344 832 1083 595)
4(441 630 1118 929)
4(534 441 929 1022)
4(455 943 1102 614)
4(16 567 1055 146)
4(17 145 1055 567)
4(347 611 1099 835)
4(565 1053 1091 603)
4(485 642 1130 973)
4(357 845 1130 642)
4(384 593 1081 872)
4(65 594 1082 141)
4(243 630 1118 731)
4(488 639 1127 976)
4(267 563 1051 755)
4(255 743 1051 563)
4(322 563 1051 810)
4(554 572 1060 1042)
4(539 1027 1051 563)
4(54 587 1075 105)
4(233 721 1079 591)
4(221 591 1079 709)
4(61 112 1059 571)
4(527 1015 1051 563)
4(48 99 1108 620)
4(377 865 1078 590)
4(56 107 1102 614)
4(392 573 1061 880)
4(356 844 1061 573)
4(10 152 1101 613)
4(11 613 1101 151)
4(473 580 1068 961)
4(556 591 1079 1044)
4(223 711 1079 591)
4(266 754 1119 631)
4(68 627 1115 138)
4(64 142 1082 594)
4(482 970 1060 572)
4(392 585 1073 880)
4(582 585 1073 1070)
4(378 582 1070 866)
4(378 866 1073 585)
4(172 580 1068 660)
4(0 5 1109 621)
4(93 621 1109 113)
4(6 156 1109 621)
4(3 628 1116 4)
4(62 144 1116 628)
4(61 628 1116 112)
4(597 1085 1097 609)
4(551 573 1061 1039)
4(16 577 1065 146)
4(522 616 1104 1010)
4(451 939 1084 596)
4(215 632 1120 703)
4(345 833 1083 595)
4(563 1051 1070 582)
4(322 582 1070 810)
4(602 1090 1100 612)
4(161 573 1061 649)
4(551 161 649 1039)
4(546 1034 1067 579)
4(534 626 1114 1022)
4(582 417 905 1070)
4(57 614 1102 108)
4(350 608 1096 838)
4(179 667 1093 605)
4(66 140 1106 618)
4(360 626 1114 848)
4(323 583 1071 811)
4(455 638 1126 943)
4(433 921 1126 638)
4(388 876 1089 601)
4(493 601 1089 981)
4(591 602 1090 1079)
4(233 721 1090 602)
4(555 632 1120 1043)
4(217 705 1120 632)
4(391 879 1074 586)
4(609 1097 1112 624)
4(503 575 1063 991)
4(174 503 991 662)
4(527 1015 1070 582)
4(516 616 1104 1004)
4(400 888 1104 616)
4(466 591 1079 954)
4(182 610 1098 670)
4(542 1030 1061 573)
4(341 829 1067 579)
4(503 584 1072 991)
4(439 607 1095 927)
4(187 675 1095 607)
4(187 439 927 675)
4(426 644 1132 914)
4(427 915 1132 644)
4(352 840 1114 626)
4(503 190 678 991)
4(395 883 1067 579)
4(380 583 1071 868)
4(492 635 1123 980)
4(180 668 1123 635)
4(191 619 1107 679)
4(541 1029 1107 619)
4(596 599 1087 1084)
4(438 395 883 926)
4(395 643 1131 883)
4(181 669 1077 589)
4(497 589 1077 985)
4(380 868 1074 586)
4(573 1061 1085 597)
4(438 641 1129 926)
4(395 883 1129 641)
4(425 600 1088 913)
4(181 669 1086 598)
4(397 593 1081 885)
4(419 907 1105 617)
4(518 617 1105 1006)
4(630 449 937 1118)
4(449 634 1122 937)
4(402 890 1087 599)
4(466 954 1090 602)
4(439 927 1121 633)
4(439 173 661 927)
4(348 836 1083 595)
4(542 1030 1085 597)
4(402 596 1084 890)
4(501 644 1132 989)
4(493 981 1086 598)
4(396 611 1099 884)
4(625 1113 1132 644)
4(598 1086 1089 601)
4(387 875 1085 597)
4(383 607 1095 871)
4(607 633 1121 1095)
4(383 871 1121 633)
4(387 875 1097 609)
4(502 990 1124 636)
4(159 636 1124 647)
4(396 884 1124 636)
4(348 836 1096 608)
4(562 621 1109 1050)
4(67 139 1106 618)
4(547 607 1095 1035)
4(476 964 1124 636)
4(635 636 1124 1123)
4(476 635 1123 964)
4(233 721 1100 612)
4(67 627 1115 139)
4(395 606 1094 883)
4(639 490 978 1127)
4(490 642 1130 978)
4(192 680 1109 621)
4(458 946 1116 628)
4(544 1032 1097 609)
4(635 396 884 1123)
4(611 635 1123 1099)
4(43 619 1107 94)
4(382 640 1128 870)
4(547 1035 1128 640)
4(544 624 1112 1032)
4(171 644 1132 659)
4(567 1055 1111 623)
4(190 623 1111 678)
4(550 640 1128 1038)
4(17 145 1111 623)
4(475 640 1128 963)
4(571 628 1116 1059)
4(622 640 1128 1110)
4(547 622 1110 1035)
4(607 1095 1110 622)
3(31 469 30)
3(40 439 39)
3(39 173 38)
3(41 187 40)
3(42 541 41)
3(36 161 35)
3(34 183 33)
3(35 459 34)
3(30 184 29)
3(32 166 31)
3(28 163 27)
3(33 463 32)
3(29 467 28)
3(26 185 25)
3(27 477 26)
3(19 190 18)
3(25 498 24)
3(22 506 21)
3(20 503 19)
3(21 174 20)
3(23 508 22)
3(24 170 23)
3(38 526 37)
3(37 551 36)
3(18 623 1)
3(2 619 42)
3(167 460 429)
3(177 410 408)
3(167 461 460)
3(159 540 502)
3(385 631 472)
3(385 472 404)
3(405 469 166)
3(517 519 376)
3(398 470 463)
3(208 485 211)
3(502 540 403)
3(312 470 310)
3(182 587 435)
3(412 479 242)
3(435 532 182)
3(461 606 342)
3(481 483 339)
3(451 605 487)
3(483 484 339)
3(188 562 414)
3(166 470 405)
3(463 624 398)
3(401 576 157)
3(411 569 178)
3(451 487 169)
3(403 540 178)
3(242 485 208)
3(339 538 481)
3(157 592 401)
3(209 480 207)
3(324 568 413)
3(188 414 407)
3(177 577 410)
3(562 617 414)
3(178 581 411)
3(393 606 461)
3(479 485 242)
3(382 605 450)
3(386 512 366)
3(358 612 489)
3(186 571 504)
3(567 584 410)
3(550 605 382)
3(178 569 403)
3(460 461 342)
3(594 604 464)
3(319 468 317)
3(251 634 404)
3(511 512 386)
3(415 467 184)
3(413 568 437)
3(368 580 370)
3(407 473 188)
3(404 629 251)
3(175 604 594)
3(481 538 480)
3(489 612 555)
3(519 578 376)
3(413 586 583)
3(457 500 296)
3(464 504 189)
3(310 470 398)
3(242 480 412)
3(338 484 363)
3(207 480 242)
3(405 470 312)
3(436 560 452)
3(256 586 413)
3(209 481 480)
3(425 504 464)
3(427 500 457)
3(492 611 603)
3(164 553 416)
3(452 560 344)
3(408 578 177)
3(250 438 420)
3(339 484 338)
3(250 643 438)
3(417 585 173)
3(496 610 592)
3(603 611 346)
3(353 615 443)
3(450 605 451)
3(410 577 567)
3(376 590 517)
3(485 543 211)
3(331 510 329)
3(431 457 296)
3(169 620 599)
3(443 608 353)
3(489 632 237)
3(184 468 415)
3(366 512 368)
3(237 639 489)
3(468 469 405)
3(317 468 405)
3(512 580 368)
3(415 468 319)
3(514 533 381)
3(397 631 385)
3(173 585 526)
3(513 514 381)
3(558 566 288)
3(486 564 281)
3(484 486 363)
3(428 618 429)
3(448 532 355)
3(415 510 467)
3(411 581 160)
3(463 470 166)
3(618 627 429)
3(461 589 393)
3(421 477 163)
3(434 444 355)
3(413 583 324)
3(592 610 448)
3(386 537 511)
3(564 572 520)
3(190 584 567)
3(484 564 486)
3(355 444 294)
3(250 420 239)
3(537 574 165)
3(160 593 411)
3(486 566 558)
3(419 518 176)
3(504 600 186)
3(504 571 458)
3(259 430 245)
3(329 510 415)
3(589 598 393)
3(400 516 416)
3(441 615 353)
3(421 510 331)
3(236 442 220)
3(392 551 526)
3(308 423 422)
3(91 473 90)
3(239 420 238)
3(457 625 427)
3(413 437 249)
3(416 613 164)
3(236 443 442)
3(421 478 477)
3(599 620 406)
3(224 471 436)
3(433 457 431)
3(294 444 257)
3(570 575 507)
3(393 598 388)
3(308 422 307)
3(232 446 240)
3(509 561 559)
3(245 430 241)
3(475 541 191)
3(220 442 218)
3(227 445 228)
3(381 524 513)
3(228 446 232)
3(224 436 222)
3(409 575 570)
3(498 536 530)
3(163 510 421)
3(218 442 440)
3(256 588 418)
3(465 549 466)
3(445 446 228)
3(204 447 336)
3(243 449 214)
3(335 596 588)
3(249 437 235)
3(260 296 261)
3(448 610 532)
3(355 532 434)
3(168 193 83)
3(209 482 481)
3(424 425 423)
3(432 433 431)
3(258 260 259)
3(81 453 160)
3(386 574 537)
3(82 453 81)
3(218 440 216)
3(328 393 388)
3(430 579 250)
3(297 308 307)
3(307 422 333)
3(471 560 436)
3(428 604 175)
3(483 572 564)
3(241 430 250)
3(188 473 91)
3(232 239 238)
3(90 473 172)
3(326 328 327)
3(475 622 541)
3(370 580 407)
3(167 497 461)
3(501 600 426)
3(308 500 424)
3(353 626 441)
3(228 232 231)
3(296 297 261)
3(422 428 333)
3(260 261 259)
3(262 471 231)
3(257 258 245)
3(420 438 326)
3(214 449 212)
3(244 245 241)
3(240 241 239)
3(314 432 431)
3(308 424 423)
3(186 600 501)
3(455 456 433)
3(424 500 427)
3(256 413 249)
3(227 228 226)
3(168 194 193)
3(258 259 245)
3(257 444 258)
3(505 631 397)
3(263 326 289)
3(196 454 266)
3(336 472 454)
3(450 451 335)
3(231 471 226)
3(241 250 239)
3(254 256 249)
3(222 436 236)
3(225 226 224)
3(328 388 327)
3(236 452 443)
3(314 431 260)
3(228 231 226)
3(513 524 85)
3(437 445 230)
3(232 238 231)
3(84 168 83)
3(452 595 443)
3(223 224 222)
3(326 327 289)
3(230 445 227)
3(259 546 430)
3(396 502 349)
3(325 355 294)
3(206 447 204)
3(238 420 263)
3(281 566 486)
3(480 538 412)
3(315 335 265)
3(222 236 220)
3(389 462 301)
3(247 249 235)
3(235 437 230)
3(221 222 220)
3(198 454 196)
3(394 515 327)
3(326 438 328)
3(193 453 82)
3(424 426 425)
3(456 625 457)
3(530 536 364)
3(216 440 243)
3(219 220 218)
3(496 592 157)
3(354 478 337)
3(327 515 289)
3(260 431 296)
3(337 478 421)
3(258 314 260)
3(83 193 82)
3(217 218 216)
3(263 420 326)
3(232 240 239)
3(565 601 158)
3(514 557 533)
3(215 216 214)
3(176 616 419)
3(477 478 185)
3(171 625 614)
3(296 500 297)
3(240 244 241)
3(436 452 236)
3(213 214 212)
3(244 257 245)
3(216 243 214)
3(248 465 253)
3(440 441 243)
3(212 449 251)
3(225 227 226)
3(211 212 210)
3(325 448 355)
3(297 307 298)
3(358 489 488)
3(192 617 562)
3(307 333 309)
3(223 225 224)
3(454 472 266)
3(390 448 325)
3(315 450 335)
3(247 254 249)
3(559 561 334)
3(238 263 262)
3(212 251 210)
3(221 223 222)
3(465 466 389)
3(303 462 358)
3(488 490 311)
3(382 450 315)
3(253 465 299)
3(301 462 303)
3(263 289 264)
3(406 576 401)
3(358 488 306)
3(364 531 530)
3(425 464 423)
3(201 454 198)
3(219 221 220)
3(336 629 472)
3(217 219 218)
3(168 524 195)
3(215 217 216)
3(237 642 639)
3(213 215 214)
3(357 485 479)
3(211 213 212)
3(204 336 201)
3(226 471 224)
3(357 479 318)
3(499 529 373)
3(299 465 389)
3(165 514 513)
3(208 210 206)
3(178 540 78)
3(299 389 301)
3(81 160 80)
3(208 211 210)
3(467 510 163)
3(210 447 206)
3(336 454 201)
3(303 358 306)
3(311 490 313)
3(349 502 351)
3(347 396 349)
3(278 529 499)
3(290 346 345)
3(164 590 553)
3(79 178 78)
3(516 613 416)
3(313 490 357)
3(495 521 282)
3(437 568 445)
3(200 201 198)
3(193 505 453)
3(318 479 320)
3(194 505 193)
3(399 634 630)
3(162 638 435)
3(196 266 194)
3(343 521 495)
3(456 457 433)
3(482 483 481)
3(165 513 86)
3(320 479 412)
3(86 513 85)
3(549 556 466)
3(443 615 442)
3(266 505 194)
3(185 536 498)
3(77 159 76)
3(297 500 308)
3(159 476 76)
3(305 494 272)
3(472 629 404)
3(169 599 451)
3(195 524 381)
3(290 515 346)
3(203 204 201)
3(313 357 318)
3(351 502 403)
3(170 509 508)
3(274 520 305)
3(332 339 338)
3(320 412 330)
3(351 403 359)
3(434 435 432)
3(238 262 231)
3(46 179 45)
3(75 180 74)
3(297 298 261)
3(184 469 468)
3(552 568 324)
3(506 507 174)
3(172 512 511)
3(429 460 333)
3(306 488 311)
3(172 511 89)
3(343 495 377)
3(200 203 201)
3(48 169 47)
3(44 191 43)
3(229 230 227)
3(89 511 88)
3(428 429 333)
3(328 641 393)
3(446 568 552)
3(375 499 373)
3(292 343 340)
3(483 564 484)
3(371 373 369)
3(92 188 91)
3(274 305 272)
3(292 521 343)
3(293 294 257)
3(90 172 89)
3(180 492 491)
3(87 165 86)
3(10 516 9)
3(343 377 376)
3(73 158 72)
3(282 521 280)
3(276 520 274)
3(279 281 276)
3(13 517 12)
3(418 586 256)
3(388 394 327)
3(56 455 55)
3(51 157 50)
3(9 516 176)
3(343 376 340)
3(361 411 384)
3(284 292 291)
3(9 176 8)
3(292 340 316)
3(374 375 373)
3(281 520 276)
3(14 519 13)
3(409 584 575)
3(12 164 11)
3(205 206 204)
3(71 181 70)
3(8 518 7)
3(280 521 284)
3(13 519 517)
3(429 627 167)
3(12 517 164)
3(7 192 6)
3(251 447 210)
3(180 491 74)
3(15 177 14)
3(414 419 372)
3(272 494 269)
3(53 182 52)
3(371 374 373)
3(370 371 369)
3(176 518 8)
3(408 410 409)
3(63 458 62)
3(64 189 63)
3(271 272 269)
3(269 494 202)
3(340 408 316)
3(277 282 280)
3(69 167 68)
3(66 175 65)
3(7 518 192)
3(323 325 294)
3(354 536 478)
3(292 316 291)
3(177 519 14)
3(374 379 375)
3(287 288 283)
3(397 637 505)
3(588 596 418)
3(338 363 354)
3(370 372 371)
3(55 162 54)
3(368 369 367)
3(255 265 254)
3(320 330 329)
3(330 332 331)
3(422 604 428)
3(380 390 325)
3(284 521 292)
3(332 338 337)
3(374 400 379)
3(47 487 46)
3(45 474 44)
3(58 171 57)
3(400 416 379)
3(408 409 316)
3(366 367 285)
3(263 264 262)
3(333 460 309)
3(498 530 170)
3(391 401 390)
3(402 406 401)
3(60 186 59)
3(435 587 162)
3(207 208 206)
3(407 414 372)
3(307 309 298)
3(368 370 369)
3(419 522 372)
3(371 522 374)
3(453 637 160)
3(273 278 275)
3(284 291 287)
3(370 407 372)
3(372 522 371)
3(84 524 168)
3(280 284 283)
3(277 280 279)
3(270 271 269)
3(291 334 287)
3(234 235 230)
3(267 315 265)
3(273 274 272)
3(374 522 400)
3(275 277 276)
3(271 273 272)
3(277 279 276)
3(373 529 369)
3(318 320 319)
3(280 283 279)
3(284 287 283)
3(85 524 84)
3(203 205 204)
3(363 364 354)
3(246 247 235)
3(494 523 202)
3(275 276 274)
3(199 200 198)
3(273 275 274)
3(338 354 337)
3(332 337 331)
3(289 290 264)
3(330 331 329)
3(366 368 367)
3(393 641 606)
3(321 382 315)
3(205 207 206)
3(209 528 482)
3(525 529 278)
3(332 538 339)
3(52 496 51)
3(412 538 330)
3(199 202 200)
3(320 329 319)
3(158 493 72)
3(270 285 271)
3(478 536 185)
3(378 527 286)
3(207 242 208)
3(337 421 331)
3(313 318 317)
3(205 209 207)
3(271 525 273)
3(181 497 70)
3(168 195 194)
3(273 525 278)
3(365 386 366)
3(268 270 269)
3(511 537 88)
3(367 529 525)
3(268 269 202)
3(200 523 203)
3(59 501 58)
3(346 347 345)
3(535 545 282)
3(311 313 312)
3(195 196 194)
3(365 366 285)
3(202 523 200)
3(367 525 285)
3(285 525 271)
3(213 237 215)
3(329 415 319)
3(306 311 310)
3(446 552 240)
3(270 365 285)
3(87 537 165)
3(530 531 509)
3(507 559 334)
3(318 319 317)
3(199 268 202)
3(303 306 304)
3(289 515 290)
3(286 527 252)
3(197 198 196)
3(197 199 198)
3(499 535 278)
3(78 540 77)
3(356 378 286)
3(258 444 314)
3(299 301 300)
3(301 303 302)
3(313 317 312)
3(277 535 282)
3(543 642 237)
3(170 530 509)
3(76 476 75)
3(369 529 367)
3(197 533 199)
3(46 487 179)
3(314 434 432)
3(364 536 354)
3(219 233 221)
3(179 474 45)
3(253 299 295)
3(595 608 443)
3(410 584 409)
3(278 535 275)
3(44 474 191)
3(311 312 310)
3(225 229 227)
3(74 491 73)
3(169 487 47)
3(317 405 312)
3(205 528 209)
3(70 497 69)
3(335 588 265)
3(72 493 71)
3(424 427 426)
3(306 310 304)
3(203 528 205)
3(523 528 203)
3(499 545 535)
3(244 293 257)
3(305 554 494)
3(195 197 196)
3(520 572 305)
3(303 304 302)
3(55 455 162)
3(474 475 191)
3(385 399 362)
3(399 630 534)
3(189 458 63)
3(51 496 157)
3(247 255 254)
3(527 539 252)
3(195 381 197)
3(301 302 300)
3(381 533 197)
3(310 398 304)
3(199 533 268)
3(401 592 390)
3(182 496 52)
3(275 535 277)
3(362 534 360)
3(183 624 463)
3(88 537 87)
3(229 234 230)
3(211 543 213)
3(434 532 435)
3(299 300 295)
3(330 538 332)
3(384 397 385)
3(293 323 294)
3(58 501 171)
3(579 643 250)
3(298 546 261)
3(509 559 508)
3(186 501 59)
3(323 380 325)
3(385 404 399)
3(506 559 507)
3(347 349 348)
3(380 391 390)
3(282 545 495)
3(391 402 401)
3(255 267 265)
3(375 545 499)
3(234 246 235)
3(290 345 344)
3(349 351 350)
3(309 342 341)
3(302 387 300)
3(361 384 362)
3(399 534 362)
3(356 392 378)
3(352 353 350)
3(267 321 315)
3(334 570 507)
3(189 504 458)
3(359 361 360)
3(351 359 352)
3(248 549 465)
3(309 460 342)
3(384 385 362)
3(254 588 256)
3(213 543 237)
3(375 548 545)
3(93 562 92)
3(486 558 363)
3(288 561 531)
3(246 539 247)
3(531 558 288)
3(557 574 365)
3(253 295 286)
3(287 561 288)
3(545 548 495)
3(279 566 281)
3(361 569 411)
3(364 558 531)
3(495 548 377)
3(347 348 345)
3(295 356 286)
3(288 566 283)
3(361 362 360)
3(77 540 159)
3(531 561 509)
3(290 344 264)
3(359 360 352)
3(253 286 252)
3(349 350 348)
3(270 557 365)
3(403 569 359)
3(394 603 515)
3(261 546 259)
3(351 352 350)
3(576 620 49)
3(523 554 528)
3(217 555 219)
3(165 574 514)
3(341 546 298)
3(248 253 252)
3(548 553 377)
3(75 476 180)
3(309 341 298)
3(321 547 382)
3(440 615 441)
3(248 252 246)
3(161 597 459)
3(234 248 246)
3(251 629 447)
3(528 554 482)
3(379 548 375)
3(394 601 565)
3(262 560 471)
3(247 539 255)
3(223 556 225)
3(73 491 158)
3(160 581 80)
3(462 612 358)
3(398 544 304)
3(304 544 302)
3(379 553 548)
3(314 444 434)
3(281 564 520)
3(69 497 167)
3(293 324 323)
3(342 395 341)
3(71 493 181)
3(179 550 474)
3(322 383 321)
3(267 322 321)
3(173 633 417)
3(391 418 402)
3(291 570 334)
3(409 570 316)
3(614 625 456)
3(240 552 244)
3(416 553 379)
3(533 557 268)
3(300 542 295)
3(322 417 383)
3(252 539 246)
3(175 618 428)
3(389 602 462)
3(474 550 475)
3(244 552 293)
3(50 576 49)
3(302 544 387)
3(494 554 523)
3(507 575 174)
3(387 542 300)
3(295 542 356)
3(219 555 233)
3(229 549 234)
3(514 574 557)
3(459 609 183)
3(177 578 519)
3(160 637 593)
3(60 571 186)
3(363 558 364)
3(15 577 177)
3(376 578 340)
3(225 556 229)
3(79 581 178)
3(264 560 262)
3(268 557 270)
3(508 559 506)
3(293 552 324)
3(383 547 321)
3(92 562 188)
3(334 561 287)
3(234 549 248)
3(541 622 187)
3(435 638 432)
3(53 587 182)
3(189 594 464)
3(492 565 491)
3(464 604 423)
3(344 595 452)
3(283 566 279)
3(534 630 441)
3(455 614 456)
3(229 556 549)
3(17 567 16)
3(346 611 347)
3(565 603 394)
3(357 642 485)
3(411 593 384)
3(175 594 65)
3(344 560 264)
3(441 630 243)
3(445 568 446)
3(489 639 488)
3(255 563 267)
3(267 563 322)
3(305 572 554)
3(539 563 255)
3(162 587 54)
3(233 591 221)
3(61 571 60)
3(527 563 539)
3(48 620 169)
3(377 590 376)
3(56 614 455)
3(356 573 392)
3(10 613 516)
3(164 613 11)
3(407 580 473)
3(485 642 543)
3(223 591 556)
3(316 570 291)
3(266 631 505)
3(167 627 68)
3(64 594 189)
3(482 572 483)
3(526 585 392)
3(378 585 582)
3(473 580 172)
3(404 634 399)
3(491 565 158)
3(0 621 93)
3(6 621 0)
3(359 569 361)
3(62 628 3)
3(3 628 61)
3(597 609 459)
3(392 573 551)
3(406 620 576)
3(567 577 16)
3(419 616 522)
3(451 596 335)
3(237 632 215)
3(345 595 344)
3(563 582 322)
3(602 612 462)
3(554 572 482)
3(551 573 161)
3(546 579 430)
3(441 626 534)
3(582 585 417)
3(171 614 57)
3(353 608 350)
3(179 605 550)
3(80 581 79)
3(66 618 175)
3(534 626 360)
3(324 583 323)
3(433 638 455)
3(388 601 394)
3(158 601 493)
3(233 602 591)
3(217 632 555)
3(391 586 418)
3(609 624 183)
3(365 574 386)
3(517 590 164)
3(174 575 503)
3(527 582 563)
3(400 616 516)
3(16 577 15)
3(556 591 466)
3(532 610 182)
3(340 578 408)
3(542 573 356)
3(341 579 546)
3(157 576 50)
3(172 580 512)
3(575 584 503)
3(187 607 439)
3(427 644 426)
3(378 582 527)
3(54 587 53)
3(352 626 353)
3(555 632 489)
3(503 584 190)
3(265 588 254)
3(455 638 162)
3(390 592 448)
3(395 579 341)
3(516 616 176)
3(323 583 380)
3(180 635 492)
3(541 619 191)
3(322 582 417)
3(451 599 596)
3(65 594 64)
3(438 643 395)
3(423 604 422)
3(221 591 223)
3(181 589 497)
3(392 585 378)
3(380 586 391)
3(573 597 161)
3(395 641 438)
3(426 600 425)
3(181 598 589)
3(583 586 380)
3(497 589 461)
3(384 593 397)
3(419 617 518)
3(630 634 449)
3(414 617 419)
3(402 599 406)
3(466 602 389)
3(439 633 173)
3(553 590 377)
3(243 630 449)
3(348 595 345)
3(542 597 573)
3(418 596 402)
3(447 629 336)
3(425 600 504)
3(426 644 501)
3(493 598 181)
3(591 602 466)
3(347 611 396)
3(442 615 440)
3(515 603 346)
3(625 644 427)
3(598 601 388)
3(596 599 402)
3(387 597 542)
3(383 633 607)
3(492 603 565)
3(57 614 56)
3(387 609 597)
3(502 636 159)
3(487 605 179)
3(396 636 502)
3(348 608 595)
3(438 641 328)
3(93 621 562)
3(67 618 66)
3(383 607 547)
3(11 613 10)
3(432 638 433)
3(49 620 48)
3(476 636 635)
3(350 608 348)
3(233 612 602)
3(68 627 67)
3(342 606 395)
3(639 642 490)
3(182 610 496)
3(488 639 490)
3(67 627 618)
3(449 634 251)
3(159 636 476)
3(518 617 192)
3(522 616 400)
3(472 631 266)
3(192 621 6)
3(458 628 62)
3(607 633 439)
3(544 609 387)
3(505 637 453)
3(635 636 396)
3(492 635 611)
3(555 612 233)
3(490 642 357)
3(215 632 217)
3(191 619 43)
3(476 635 180)
3(360 626 352)
3(562 621 192)
3(547 640 382)
3(398 624 544)
3(544 624 609)
3(417 633 383)
3(493 601 598)
3(501 644 171)
3(567 623 190)
3(382 640 550)
3(395 643 579)
3(17 623 567)
3(550 640 475)
3(61 628 571)
3(571 628 458)
3(475 640 622)
3(593 637 397)
3(607 622 547)
3(622 640 547)
3(187 622 607)
3(171 644 625)
3(611 635 396)
3(606 641 395)
3(551 37 526)
3(439 40 187)
3(469 31 166)
3(439 173 39)
3(469 184 30)
3(459 35 161)
3(463 166 32)
3(459 183 34)
3(467 163 28)
3(463 33 183)
3(477 185 26)
3(467 29 184)
3(477 27 163)
3(498 25 185)
3(503 190 19)
3(508 23 170)
3(498 170 24)
3(506 174 21)
3(503 20 174)
3(508 506 22)
3(526 38 173)
3(541 187 41)
3(551 161 36)
3(619 2 43)
3(623 17 1)
3(619 541 42)
3(623 18 190)
3(31 30 957)
3(40 39 927)
3(39 38 661)
3(41 40 675)
3(42 41 1029)
3(36 35 649)
3(34 33 671)
3(35 34 947)
3(30 29 672)
3(32 31 654)
3(28 27 651)
3(33 32 951)
3(29 28 955)
3(26 25 673)
3(27 26 965)
3(19 18 678)
3(25 24 986)
3(22 21 994)
3(20 19 991)
3(21 20 662)
3(23 22 996)
3(24 23 658)
3(38 37 1014)
3(37 36 1039)
3(18 1 1111)
3(2 42 1107)
3(655 917 948)
3(665 896 898)
3(655 948 949)
3(647 990 1028)
3(873 960 1119)
3(873 892 960)
3(893 654 957)
3(1005 864 1007)
3(886 951 958)
3(696 699 973)
3(990 891 1028)
3(800 798 958)
3(670 923 1075)
3(900 730 967)
3(923 670 1020)
3(949 830 1094)
3(969 827 971)
3(939 975 1093)
3(971 827 972)
3(676 902 1050)
3(654 893 958)
3(951 886 1112)
3(889 645 1064)
3(899 666 1057)
3(939 657 975)
3(891 666 1028)
3(730 696 973)
3(827 969 1026)
3(645 889 1080)
3(697 695 968)
3(812 901 1056)
3(676 895 902)
3(665 898 1065)
3(1050 902 1105)
3(666 899 1069)
3(881 949 1094)
3(967 730 973)
3(870 938 1093)
3(874 854 1000)
3(846 977 1100)
3(674 992 1059)
3(1055 898 1072)
3(1038 870 1093)
3(666 891 1057)
3(948 830 949)
3(1082 952 1092)
3(807 805 956)
3(739 892 1122)
3(999 874 1000)
3(903 672 955)
3(901 925 1056)
3(856 858 1068)
3(895 676 961)
3(892 739 1117)
3(663 1082 1092)
3(969 968 1026)
3(977 1043 1100)
3(1007 864 1066)
3(901 1071 1074)
3(945 784 988)
3(952 677 992)
3(798 886 958)
3(730 900 968)
3(826 851 972)
3(695 730 968)
3(893 800 958)
3(924 940 1048)
3(744 901 1074)
3(697 968 969)
3(913 952 992)
3(915 945 988)
3(980 1091 1099)
3(652 904 1041)
3(940 832 1048)
3(896 665 1066)
3(738 908 926)
3(827 826 972)
3(738 926 1131)
3(905 661 1073)
3(984 1080 1098)
3(1091 834 1099)
3(841 931 1103)
3(938 939 1093)
3(898 1055 1065)
3(864 1005 1078)
3(973 699 1031)
3(819 817 998)
3(919 784 945)
3(657 1087 1108)
3(931 841 1096)
3(977 725 1120)
3(672 903 956)
3(854 856 1000)
3(725 977 1127)
3(956 893 957)
3(805 893 956)
3(1000 856 1068)
3(903 807 956)
3(1002 869 1021)
3(885 873 1119)
3(661 1014 1073)
3(1001 869 1002)
3(1046 776 1054)
3(974 769 1052)
3(972 851 974)
3(916 917 1106)
3(936 843 1020)
3(903 955 998)
3(899 648 1069)
3(951 654 958)
3(1106 917 1115)
3(949 881 1077)
3(909 651 965)
3(922 843 932)
3(901 812 1071)
3(1080 936 1098)
3(874 999 1025)
3(1052 1008 1060)
3(678 1055 1072)
3(972 974 1052)
3(843 782 932)
3(738 727 908)
3(1025 653 1062)
3(648 899 1081)
3(974 1046 1054)
3(907 664 1006)
3(992 674 1088)
3(992 946 1059)
3(747 733 918)
3(817 903 998)
3(1077 881 1086)
3(888 904 1004)
3(929 841 1103)
3(909 819 998)
3(724 708 930)
3(880 1014 1039)
3(796 910 911)
3(115 116 961)
3(727 726 908)
3(945 915 1113)
3(901 737 925)
3(904 652 1101)
3(724 930 931)
3(909 965 966)
3(1087 894 1108)
3(712 924 959)
3(921 919 945)
3(782 745 932)
3(1058 995 1063)
3(881 876 1086)
3(796 795 910)
3(720 728 934)
3(997 1047 1049)
3(733 729 918)
3(963 679 1029)
3(708 706 930)
3(715 716 933)
3(869 1001 1012)
3(716 720 934)
3(712 710 924)
3(897 1058 1063)
3(986 1018 1024)
3(651 909 998)
3(706 928 930)
3(744 906 1076)
3(953 954 1037)
3(933 716 934)
3(692 824 935)
3(731 702 937)
3(823 1076 1084)
3(737 723 925)
3(748 749 784)
3(936 1020 1098)
3(843 922 1020)
3(656 123 681)
3(697 969 970)
3(912 911 913)
3(920 919 921)
3(746 747 748)
3(125 648 941)
3(874 1025 1062)
3(124 125 941)
3(706 704 928)
3(816 876 881)
3(918 738 1067)
3(785 795 796)
3(795 821 910)
3(959 924 1048)
3(916 663 1092)
3(971 1052 1060)
3(729 738 918)
3(676 115 961)
3(720 726 727)
3(116 660 961)
3(814 815 816)
3(963 1029 1110)
3(858 895 1068)
3(655 949 985)
3(989 914 1088)
3(796 912 988)
3(841 929 1114)
3(716 719 720)
3(784 749 785)
3(910 821 916)
3(748 747 749)
3(750 719 959)
3(745 733 746)
3(908 814 926)
3(702 700 937)
3(732 729 733)
3(728 727 729)
3(802 919 920)
3(796 911 912)
3(674 989 1088)
3(943 921 944)
3(912 915 988)
3(744 737 901)
3(715 714 716)
3(656 681 682)
3(746 733 747)
3(745 746 932)
3(993 885 1119)
3(751 777 814)
3(684 754 942)
3(824 942 960)
3(938 823 939)
3(719 714 959)
3(729 727 738)
3(742 737 744)
3(710 724 924)
3(713 712 714)
3(816 815 876)
3(724 931 940)
3(802 748 919)
3(716 714 719)
3(1001 121 1012)
3(925 718 933)
3(720 719 726)
3(122 123 656)
3(940 931 1083)
3(711 710 712)
3(814 777 815)
3(718 715 933)
3(747 918 1034)
3(884 837 990)
3(813 782 843)
3(694 692 935)
3(726 751 908)
3(769 974 1054)
3(968 900 1026)
3(803 753 823)
3(710 708 724)
3(877 789 950)
3(735 723 737)
3(723 718 925)
3(709 708 710)
3(686 684 942)
3(882 815 1003)
3(814 816 926)
3(681 124 941)
3(912 913 914)
3(944 945 1113)
3(1018 852 1024)
3(704 731 928)
3(707 706 708)
3(984 645 1080)
3(842 825 966)
3(815 777 1003)
3(748 784 919)
3(825 909 966)
3(746 748 802)
3(123 124 681)
3(705 704 706)
3(751 814 908)
3(720 727 728)
3(1053 646 1089)
3(1002 1021 1045)
3(703 702 704)
3(664 907 1104)
3(965 673 966)
3(659 1102 1113)
3(784 785 988)
3(728 729 732)
3(924 724 940)
3(701 700 702)
3(732 733 745)
3(704 702 731)
3(736 741 953)
3(928 731 929)
3(700 739 937)
3(713 714 715)
3(699 698 700)
3(813 843 936)
3(785 786 795)
3(846 976 977)
3(680 1050 1105)
3(795 797 821)
3(711 712 713)
3(942 754 960)
3(878 813 936)
3(803 823 938)
3(735 737 742)
3(1047 822 1049)
3(726 750 751)
3(700 698 739)
3(709 710 711)
3(953 877 954)
3(791 846 950)
3(976 799 978)
3(870 803 938)
3(741 787 953)
3(789 791 950)
3(751 752 777)
3(894 889 1064)
3(846 794 976)
3(852 1018 1019)
3(913 911 952)
3(689 686 942)
3(707 708 709)
3(824 960 1117)
3(705 706 707)
3(656 683 1012)
3(703 704 705)
3(725 1127 1130)
3(701 702 703)
3(845 967 973)
3(699 700 701)
3(692 689 824)
3(714 712 959)
3(845 806 967)
3(987 861 1017)
3(787 877 953)
3(653 1001 1002)
3(696 694 698)
3(666 128 1028)
3(787 789 877)
3(125 126 648)
3(696 698 699)
3(955 651 998)
3(698 694 935)
3(824 689 942)
3(791 794 846)
3(799 801 978)
3(837 839 990)
3(835 837 884)
3(766 987 1017)
3(778 833 834)
3(652 1041 1078)
3(127 128 666)
3(1004 904 1101)
3(801 845 978)
3(983 770 1009)
3(925 933 1056)
3(688 686 689)
3(681 941 993)
3(806 808 967)
3(682 681 993)
3(887 1118 1122)
3(650 923 1126)
3(684 682 754)
3(831 983 1009)
3(944 921 945)
3(970 969 971)
3(653 120 1001)
3(808 900 967)
3(120 121 1001)
3(1037 954 1044)
3(931 930 1103)
3(754 682 993)
3(673 986 1024)
3(129 130 647)
3(785 796 988)
3(647 130 964)
3(793 760 982)
3(960 892 1117)
3(657 939 1087)
3(683 869 1012)
3(778 834 1003)
3(691 689 692)
3(801 806 845)
3(839 891 990)
3(658 996 997)
3(762 793 1008)
3(820 826 827)
3(808 818 900)
3(839 847 891)
3(922 920 923)
3(726 719 750)
3(97 96 667)
3(131 132 668)
3(785 749 786)
3(672 956 957)
3(1040 812 1056)
3(994 662 995)
3(660 999 1000)
3(917 821 948)
3(794 799 976)
3(660 117 999)
3(831 865 983)
3(688 689 691)
3(99 98 657)
3(95 94 679)
3(717 715 718)
3(117 118 999)
3(916 821 917)
3(816 881 1129)
3(934 1040 1056)
3(863 861 987)
3(780 828 831)
3(971 972 1052)
3(859 857 861)
3(114 115 676)
3(762 760 793)
3(780 831 1009)
3(781 745 782)
3(116 117 660)
3(668 979 980)
3(119 120 653)
3(152 153 1004)
3(831 864 865)
3(133 134 646)
3(770 768 1009)
3(764 762 1008)
3(767 764 769)
3(149 150 1005)
3(906 744 1074)
3(876 815 882)
3(107 106 943)
3(102 101 645)
3(153 664 1004)
3(831 828 864)
3(849 872 899)
3(772 779 780)
3(153 154 664)
3(780 804 828)
3(862 861 863)
3(769 764 1008)
3(148 149 1007)
3(897 1063 1072)
3(150 151 652)
3(693 692 694)
3(135 136 669)
3(154 155 1006)
3(768 772 1009)
3(149 1005 1007)
3(917 655 1115)
3(150 652 1005)
3(155 156 680)
3(739 698 935)
3(668 132 979)
3(147 148 665)
3(902 860 907)
3(760 757 982)
3(104 103 670)
3(859 861 862)
3(858 857 859)
3(664 154 1006)
3(896 897 898)
3(143 144 946)
3(142 143 677)
3(759 757 760)
3(757 690 982)
3(828 804 896)
3(765 768 770)
3(137 138 655)
3(140 141 663)
3(155 680 1006)
3(811 782 813)
3(842 966 1024)
3(780 779 804)
3(665 148 1007)
3(862 863 867)
3(775 771 776)
3(885 993 1125)
3(1076 906 1084)
3(826 842 851)
3(858 859 860)
3(106 105 650)
3(856 855 857)
3(743 742 753)
3(808 817 818)
3(818 819 820)
3(910 916 1092)
3(868 813 878)
3(772 780 1009)
3(820 825 826)
3(862 867 888)
3(98 97 975)
3(96 95 962)
3(109 108 659)
3(888 867 904)
3(896 804 897)
3(854 773 855)
3(751 750 752)
3(821 797 948)
3(986 658 1018)
3(879 878 889)
3(890 889 894)
3(111 110 674)
3(923 650 1075)
3(695 694 696)
3(895 860 902)
3(795 786 797)
3(856 857 858)
3(907 860 1010)
3(859 862 1010)
3(941 648 1125)
3(761 763 766)
3(772 775 779)
3(858 860 895)
3(860 859 1010)
3(122 656 1012)
3(768 771 772)
3(765 767 768)
3(758 757 759)
3(779 775 822)
3(722 718 723)
3(755 753 803)
3(761 760 762)
3(862 888 1010)
3(763 764 765)
3(759 760 761)
3(765 764 767)
3(861 857 1017)
3(806 807 808)
3(768 767 771)
3(772 771 775)
3(121 122 1012)
3(691 692 693)
3(851 842 852)
3(734 723 735)
3(982 690 1011)
3(763 762 764)
3(687 686 688)
3(761 762 763)
3(826 825 842)
3(820 819 825)
3(777 752 778)
3(818 817 819)
3(854 855 856)
3(881 1094 1129)
3(809 803 870)
3(693 694 695)
3(697 970 1016)
3(1013 766 1017)
3(820 827 1026)
3(103 102 984)
3(900 818 1026)
3(687 688 690)
3(808 807 817)
3(646 134 981)
3(758 759 773)
3(966 673 1024)
3(866 774 1015)
3(695 696 730)
3(825 819 909)
3(801 805 806)
3(693 695 697)
3(759 761 1013)
3(669 136 985)
3(656 682 683)
3(761 766 1013)
3(853 854 874)
3(756 757 758)
3(999 118 1025)
3(855 1013 1017)
3(756 690 757)
3(688 691 1011)
3(110 109 989)
3(834 833 835)
3(1023 770 1033)
3(799 800 801)
3(683 682 684)
3(853 773 854)
3(690 688 1011)
3(855 773 1013)
3(773 759 1013)
3(701 703 725)
3(817 807 903)
3(794 798 799)
3(934 728 1040)
3(758 773 853)
3(119 653 1025)
3(1018 997 1019)
3(995 822 1047)
3(806 805 807)
3(687 690 756)
3(791 792 794)
3(777 778 1003)
3(774 740 1015)
3(685 684 686)
3(685 686 687)
3(987 766 1023)
3(128 129 1028)
3(844 774 866)
3(746 802 932)
3(787 788 789)
3(789 790 791)
3(801 800 805)
3(765 770 1023)
3(1031 725 1130)
3(658 997 1018)
3(130 131 964)
3(857 855 1017)
3(685 687 1021)
3(97 667 975)
3(802 920 922)
3(852 842 1024)
3(707 709 721)
3(667 96 962)
3(741 783 787)
3(1083 931 1096)
3(898 897 1072)
3(766 763 1023)
3(95 679 962)
3(799 798 800)
3(713 715 717)
3(132 133 979)
3(657 98 975)
3(805 800 893)
3(693 697 1016)
3(136 137 985)
3(823 753 1076)
3(134 135 981)
3(912 914 915)
3(794 792 798)
3(691 693 1016)
3(1011 691 1016)
3(987 1023 1033)
3(732 745 781)
3(793 982 1042)
3(683 684 685)
3(1008 793 1060)
3(791 790 792)
3(106 650 943)
3(962 679 963)
3(873 850 887)
3(887 1022 1118)
3(677 143 946)
3(102 645 984)
3(735 742 743)
3(1015 740 1027)
3(683 685 869)
3(789 788 790)
3(869 685 1021)
3(798 792 886)
3(687 756 1021)
3(889 878 1080)
3(670 103 984)
3(763 765 1023)
3(850 848 1022)
3(671 951 1112)
3(118 119 1025)
3(717 718 722)
3(699 701 1031)
3(922 923 1020)
3(787 783 788)
3(818 820 1026)
3(872 873 885)
3(781 782 811)
3(109 659 989)
3(1067 738 1131)
3(786 749 1034)
3(997 996 1047)
3(674 110 989)
3(811 813 868)
3(873 887 892)
3(994 995 1047)
3(835 836 837)
3(868 878 879)
3(770 983 1033)
3(879 889 890)
3(743 753 755)
3(863 987 1033)
3(722 723 734)
3(778 832 833)
3(837 838 839)
3(797 829 830)
3(790 788 875)
3(849 850 872)
3(887 850 1022)
3(844 866 880)
3(840 838 841)
3(755 803 809)
3(822 995 1058)
3(677 946 992)
3(847 848 849)
3(839 840 847)
3(736 953 1037)
3(797 830 948)
3(872 850 873)
3(742 744 1076)
3(701 725 1031)
3(863 1033 1036)
3(113 114 1050)
3(974 851 1046)
3(776 1019 1049)
3(734 735 1027)
3(1019 776 1046)
3(1045 853 1062)
3(741 774 783)
3(775 776 1049)
3(1033 983 1036)
3(767 769 1054)
3(849 899 1057)
3(852 1019 1046)
3(983 865 1036)
3(835 833 836)
3(783 774 844)
3(776 771 1054)
3(849 848 850)
3(129 647 1028)
3(1019 997 1049)
3(778 752 832)
3(847 840 848)
3(741 740 774)
3(837 836 838)
3(758 853 1045)
3(891 847 1057)
3(882 1003 1091)
3(749 747 1034)
3(839 838 840)
3(1064 100 1108)
3(1011 1016 1042)
3(705 707 1043)
3(653 1002 1062)
3(829 786 1034)
3(736 740 741)
3(1036 865 1041)
3(131 668 964)
3(797 786 829)
3(809 870 1035)
3(928 929 1103)
3(736 734 740)
3(649 947 1085)
3(722 734 736)
3(739 935 1117)
3(1016 970 1042)
3(867 863 1036)
3(882 1053 1089)
3(750 959 1048)
3(735 743 1027)
3(711 713 1044)
3(133 646 979)
3(648 126 1069)
3(950 846 1100)
3(886 792 1032)
3(792 790 1032)
3(867 1036 1041)
3(802 922 932)
3(769 1008 1052)
3(137 655 985)
3(781 811 812)
3(830 829 883)
3(135 669 981)
3(667 962 1038)
3(810 809 871)
3(755 809 810)
3(661 905 1121)
3(879 890 906)
3(779 822 1058)
3(897 804 1058)
3(1102 944 1113)
3(728 732 1040)
3(904 867 1041)
3(1021 756 1045)
3(788 783 1030)
3(810 871 905)
3(740 734 1027)
3(663 916 1106)
3(877 950 1090)
3(962 963 1038)
3(732 781 1040)
3(101 100 1064)
3(790 875 1032)
3(982 1011 1042)
3(995 662 1063)
3(875 788 1030)
3(783 844 1030)
3(707 721 1043)
3(717 722 1037)
3(1002 1045 1062)
3(947 671 1097)
3(665 1007 1066)
3(648 1081 1125)
3(111 674 1059)
3(851 852 1046)
3(147 665 1065)
3(864 828 1066)
3(713 717 1044)
3(127 666 1069)
3(752 750 1048)
3(756 758 1045)
3(996 994 1047)
3(781 812 1040)
3(871 809 1035)
3(114 676 1050)
3(822 775 1049)
3(722 736 1037)
3(1029 675 1110)
3(923 920 1126)
3(104 670 1075)
3(677 952 1082)
3(980 979 1053)
3(952 911 1092)
3(832 940 1083)
3(771 767 1054)
3(1022 929 1118)
3(943 944 1102)
3(717 1037 1044)
3(145 146 1055)
3(834 835 1099)
3(1053 882 1091)
3(845 973 1130)
3(899 872 1081)
3(663 141 1082)
3(832 752 1048)
3(929 731 1118)
3(933 934 1056)
3(977 976 1127)
3(743 755 1051)
3(755 810 1051)
3(793 1042 1060)
3(1027 743 1051)
3(650 105 1075)
3(721 709 1079)
3(112 111 1059)
3(1015 1027 1051)
3(99 657 1108)
3(865 864 1078)
3(107 943 1102)
3(844 880 1061)
3(152 1004 1101)
3(652 151 1101)
3(895 961 1068)
3(973 1031 1130)
3(711 1044 1079)
3(804 779 1058)
3(754 993 1119)
3(655 138 1115)
3(142 677 1082)
3(970 971 1060)
3(1014 880 1073)
3(866 1070 1073)
3(961 660 1068)
3(892 887 1122)
3(979 646 1053)
3(5 113 1109)
3(156 5 1109)
3(847 849 1057)
3(144 4 1116)
3(4 112 1116)
3(1085 947 1097)
3(880 1039 1061)
3(894 1064 1108)
3(1055 146 1065)
3(907 1010 1104)
3(939 823 1084)
3(725 703 1120)
3(833 832 1083)
3(1051 810 1070)
3(1090 950 1100)
3(1042 970 1060)
3(1039 649 1061)
3(1034 918 1067)
3(929 1022 1114)
3(1070 905 1073)
3(659 108 1102)
3(841 838 1096)
3(667 1038 1093)
3(126 127 1069)
3(140 663 1106)
3(1022 848 1114)
3(812 811 1071)
3(921 943 1126)
3(876 882 1089)
3(646 981 1089)
3(721 1079 1090)
3(705 1043 1120)
3(879 906 1074)
3(1097 671 1112)
3(853 874 1062)
3(1005 652 1078)
3(662 991 1063)
3(1015 1051 1070)
3(888 1004 1104)
3(146 147 1065)
3(1044 954 1079)
3(1020 670 1098)
3(828 896 1066)
3(1030 844 1061)
3(829 1034 1067)
3(645 101 1064)
3(660 1000 1068)
3(1063 991 1072)
3(675 927 1095)
3(915 914 1132)
3(866 1015 1070)
3(105 104 1075)
3(840 841 1114)
3(1043 977 1120)
3(991 678 1072)
3(753 742 1076)
3(943 650 1126)
3(878 936 1080)
3(883 829 1067)
3(1004 664 1104)
3(811 868 1071)
3(668 980 1123)
3(1029 679 1107)
3(810 905 1070)
3(939 1084 1087)
3(141 142 1082)
3(926 883 1131)
3(911 910 1092)
3(709 711 1079)
3(669 985 1077)
3(880 866 1073)
3(868 879 1074)
3(1061 649 1085)
3(883 926 1129)
3(914 913 1088)
3(669 1077 1086)
3(1071 868 1074)
3(985 949 1077)
3(872 885 1081)
3(907 1006 1105)
3(1118 937 1122)
3(902 907 1105)
3(890 894 1087)
3(954 877 1090)
3(927 661 1121)
3(1041 865 1078)
3(731 937 1118)
3(836 833 1083)
3(1030 1061 1085)
3(906 890 1084)
3(935 824 1117)
3(913 992 1088)
3(914 989 1132)
3(981 669 1086)
3(1079 954 1090)
3(835 884 1099)
3(930 928 1103)
3(1003 834 1091)
3(1113 915 1132)
3(1086 876 1089)
3(1084 890 1087)
3(875 1030 1085)
3(871 1095 1121)
3(980 1053 1091)
3(108 107 1102)
3(875 1085 1097)
3(990 647 1124)
3(975 667 1093)
3(884 990 1124)
3(836 1083 1096)
3(926 816 1129)
3(113 1050 1109)
3(139 140 1106)
3(871 1035 1095)
3(151 152 1101)
3(920 921 1126)
3(100 99 1108)
3(964 1123 1124)
3(838 836 1096)
3(721 1090 1100)
3(138 139 1115)
3(830 883 1094)
3(1127 978 1130)
3(670 984 1098)
3(976 978 1127)
3(139 1106 1115)
3(937 739 1122)
3(647 964 1124)
3(1006 680 1105)
3(1010 888 1104)
3(960 754 1119)
3(680 156 1109)
3(946 144 1116)
3(1095 927 1121)
3(1032 875 1097)
3(993 941 1125)
3(1123 884 1124)
3(980 1099 1123)
3(1043 721 1100)
3(978 845 1130)
3(703 705 1120)
3(679 94 1107)
3(964 668 1123)
3(848 840 1114)
3(1050 680 1109)
3(1035 870 1128)
3(886 1032 1112)
3(1032 1097 1112)
3(905 871 1121)
3(981 1086 1089)
3(989 659 1132)
3(1055 678 1111)
3(870 1038 1128)
3(883 1067 1131)
3(145 1055 1111)
3(1038 963 1128)
3(112 1059 1116)
3(1059 946 1116)
3(963 1110 1128)
3(1081 885 1125)
3(1095 1035 1110)
3(1110 1035 1128)
3(675 1095 1110)
3(659 1113 1132)
3(1099 884 1123)
3(1094 883 1129)
3(1039 1014 37)
3(927 675 40)
3(957 654 31)
3(927 39 661)
3(957 30 672)
3(947 649 35)
3(951 32 654)
3(947 34 671)
3(955 28 651)
3(951 671 33)
3(965 26 673)
3(955 672 29)
3(965 651 27)
3(986 673 25)
3(991 19 678)
3(996 658 23)
3(986 24 658)
3(994 21 662)
3(991 662 20)
3(996 22 994)
3(1014 661 38)
3(1029 41 675)
3(1039 36 649)
3(1107 94 2)
3(1111 1 145)
3(1107 42 1029)
3(1111 678 18)
4(91 90 116 115)
4(82 81 125 124)
4(84 83 123 122)
4(83 82 124 123)
4(81 80 126 125)
4(79 78 128 127)
4(86 85 121 120)
4(77 76 130 129)
4(75 74 132 131)
4(89 88 118 117)
4(92 91 115 114)
4(90 89 117 116)
4(87 86 120 119)
4(10 9 153 152)
4(73 72 134 133)
4(13 12 150 149)
4(9 8 154 153)
4(14 13 149 148)
4(12 11 151 150)
4(71 70 136 135)
4(8 7 155 154)
4(7 6 156 155)
4(15 14 148 147)
4(63 62 144 143)
4(64 63 143 142)
4(69 68 138 137)
4(66 65 141 140)
4(85 84 122 121)
4(78 77 129 128)
4(76 75 131 130)
4(74 73 133 132)
4(70 69 137 136)
4(72 71 135 134)
4(88 87 119 118)
4(93 92 114 113)
4(17 16 146 145)
4(0 93 113 5)
4(6 0 5 156)
4(62 3 4 144)
4(80 79 127 126)
4(16 15 147 146)
4(65 64 142 141)
4(67 66 140 139)
4(11 10 152 151)
4(68 67 139 138)
3(145 1 17)
4(44 95 96 45)
4(47 98 99 48)
4(49 100 101 50)
4(51 102 103 52)
4(59 110 111 60)
4(43 94 95 44)
4(45 96 97 46)
4(46 97 98 47)
4(54 105 106 55)
4(48 99 100 49)
4(50 101 102 51)
4(52 103 104 53)
4(60 111 112 61)
4(55 106 107 56)
4(58 109 110 59)
4(53 104 105 54)
4(61 112 4 3)
4(57 108 109 58)
4(56 107 108 57)
3(94 43 2)
)


// ************************************************************************* //
