/*--------------------------------*- C++ -*----------------------------------*\
  =========                 |
  \\      /  F ield         | OpenFOAM: The Open Source CFD Toolbox
   \\    /   O peration     | Website:  https://openfoam.org
    \\  /    A nd           | Version:  7
     \\/     M anipulation  |
\*---------------------------------------------------------------------------*/
FoamFile
{
    version     2.0;
    format      ascii;
    class       labelList;
    note        "nPoints:1133  nCells:1066  nFaces:3751  nInternalFaces:1553";
    location    "constant/alumina/polyMesh";
    object      neighbour;
}
// * * * * * * * * * * * * * * * * * * * * * * * * * * * * * * * * * * * * * //


1553
(
1041
1043
1040
1042
1042
1059
1040
1060
1060
1064
1044
1061
1046
1048
1044
1046
1043
1050
1041
1045
1047
1051
1045
1048
1047
1050
1049
1052
1049
1051
1053
1065
1052
1055
1056
1058
1053
1057
1056
1057
1054
1058
1054
1055
1039
1059
1039
1061
1063
1065
1062
1064
28
421
471
58
100
483
70
223
36
737
979
31
125
1003
400
692
46
120
1041
83
110
470
47
87
135
52
111
363
51
406
87
91
641
40
525
827
62
88
390
681
914
61
70
994
44
53
388
50
108
980
102
435
57
59
822
91
135
677
1019
54
339
918
60
69
730
401
644
69
360
62
580
81
571
291
673
90
94
583
76
140
418
78
527
109
813
321
954
134
816
137
566
351
68
108
335
74
118
588
82
320
771
152
153
811
109
144
638
895
1025
744
715
80
828
830
121
123
611
79
871
999
142
420
117
133
1050
166
378
122
222
529
217
860
400
762
214
841
94
275
926
1011
809
814
93
140
949
96
113
307
95
711
828
671
90
275
102
130
501
580
645
99
213
309
242
451
201
342
964
165
241
106
976
1010
167
373
790
831
842
809
915
103
147
233
409
687
939
126
784
892
141
291
996
837
970
115
158
393
251
881
855
908
680
861
155
159
564
172
294
170
401
854
637
894
119
884
926
123
417
122
565
349
845
121
417
645
919
604
127
302
670
247
684
868
1059
183
358
150
724
735
145
274
776
145
721
136
430
795
198
199
318
155
364
149
770
1045
471
998
156
950
169
188
1051
146
199
775
899
198
930
206
590
215
658
776
927
1024
435
173
271
164
253
206
608
751
810
840
274
721
304
482
952
239
964
711
1030
179
245
269
604
175
948
375
516
911
226
758
188
581
168
181
277
868
879
1039
176
238
940
217
219
218
273
287
971
196
242
375
859
258
393
295
305
880
955
185
213
354
203
387
246
440
186
710
802
209
972
211
212
184
300
606
328
689
738
216
235
221
661
935
189
290
192
243
268
261
402
192
227
255
266
464
787
288
395
521
364
208
969
451
500
717
332
392
714
844
272
353
963
234
312
959
500
648
883
279
280
228
230
294
914
681
244
264
297
388
569
238
286
342
237
988
230
245
296
207
362
532
907
285
289
298
257
431
216
687
890
319
397
229
322
766
508
795
435
867
253
437
263
300
441
870
257
267
284
825
1031
535
860
777
950
239
947
965
238
241
397
891
925
260
263
307
416
430
508
746
252
413
766
245
246
311
284
299
310
315
308
311
253
300
308
259
632
690
387
834
900
650
254
260
316
382
586
621
499
864
267
299
338
282
324
385
324
345
366
326
883
260
354
327
717
277
309
316
323
354
452
265
309
294
296
391
553
268
280
378
413
537
637
831
323
331
293
428
746
890
369
370
981
318
493
365
466
299
329
729
573
326
543
648
281
337
361
796
327
556
542
331
344
343
616
293
452
745
983
297
380
650
947
387
788
341
633
312
314
344
346
665
295
494
561
614
581
621
346
348
765
872
902
791
807
312
348
350
882
932
578
1049
788
893
1036
397
789
350
352
655
336
714
753
758
843
330
999
642
330
352
363
325
416
528
340
845
1001
1017
520
528
768
1003
509
930
335
666
610
823
413
519
474
941
357
956
337
367
771
368
422
997
567
357
636
623
519
563
523
880
367
422
609
731
830
366
379
634
400
963
750
402
537
586
1013
626
995
603
355
839
680
366
404
381
405
371
433
549
361
389
751
363
365
526
374
619
622
770
1047
474
613
376
597
406
702
694
968
570
618
403
595
701
908
958
816
858
405
1012
386
447
696
844
425
559
382
1008
390
550
394
663
871
953
525
826
929
394
598
424
439
867
391
443
410
835
913
969
864
578
1052
398
737
628
1000
438
478
656
937
668
614
970
425
554
582
411
627
689
1054
438
448
658
511
571
506
573
713
744
632
681
826
631
635
475
755
688
1043
432
820
693
802
1056
423
919
430
520
605
429
441
445
732
593
644
854
640
1014
642
679
590
566
983
606
844
461
699
439
456
460
480
481
549
822
544
510
655
685
475
829
934
608
455
858
456
855
576
769
469
489
462
558
462
548
729
470
472
905
901
660
856
665
918
459
932
814
705
730
840
495
510
534
482
488
495
480
497
776
470
496
638
920
472
859
554
568
585
780
482
492
510
538
865
908
492
1004
762
643
496
813
527
530
954
486
487
674
827
531
502
529
517
638
664
1005
664
866
540
547
557
592
517
915
539
625
777
865
841
897
1001
685
691
578
633
863
809
512
764
552
727
735
1008
1032
962
555
561
535
536
660
850
529
565
629
666
698
928
564
575
562
564
683
940
691
695
561
562
516
545
631
644
635
640
686
893
790
787
565
599
601
817
715
627
1055
673
695
697
697
955
690
811
850
568
580
535
756
536
882
536
545
810
1008
560
587
639
541
552
553
551
552
548
551
577
589
786
823
679
700
698
709
547
560
1002
548
558
675
584
629
575
611
832
652
633
812
700
723
600
801
560
574
617
581
614
739
1038
709
757
583
646
763
587
591
683
665
674
683
600
612
604
649
902
602
607
615
620
923
611
624
646
587
602
647
942
598
599
907
592
818
678
601
629
612
600
653
686
690
733
837
625
654
696
624
641
657
607
602
718
884
641
651
789
743
678
627
738
693
710
672
651
659
667
741
617
657
630
639
654
737
707
734
775
669
682
659
669
645
675
718
861
755
670
672
980
775
805
851
781
682
726
982
675
661
815
769
652
777
928
780
922
671
653
749
699
798
801
848
668
848
773
929
797
692
706
716
706
833
711
767
794
853
670
704
772
791
930
996
706
736
898
906
1048
806
718
792
716
951
778
1023
1026
746
752
819
933
871
819
733
742
944
728
785
846
719
761
739
885
742
747
715
756
779
800
803
716
736
857
943
747
894
925
783
786
736
740
875
740
747
824
928
728
764
822
984
812
724
727
738
767
794
731
743
807
907
734
741
823
732
832
875
812
754
960
804
832
842
1016
753
991
818
875
838
970
799
880
989
763
801
805
904
807
756
917
759
774
958
1015
821
1018
969
761
794
878
945
1044
824
963
888
774
838
901
817
849
815
862
872
896
887
773
1019
800
790
820
899
931
994
966
797
895
783
793
821
847
957
1021
905
962
863
863
834
798
818
803
804
936
1021
897
887
956
1028
820
918
1007
909
974
916
1011
824
835
878
906
1046
1032
852
912
915
835
896
842
1058
986
1035
1060
988
924
866
872
976
940
885
843
891
856
881
1027
968
976
861
1012
951
938
959
997
847
849
886
888
853
924
903
941
1029
910
989
958
977
879
916
987
987
870
913
941
1003
993
938
888
943
892
923
943
919
874
984
1004
877
1005
1029
978
889
912
1002
937
1013
960
910
936
992
945
1061
917
898
936
977
991
980
985
1016
933
929
988
972
1022
967
992
926
1013
944
1020
920
1057
923
932
1002
967
996
961
931
927
1006
1035
1040
965
971
1016
1053
1026
949
1010
1015
1014
1064
973
946
1026
948
950
949
961
983
1038
964
966
1032
954
1001
959
999
973
967
1006
1042
982
974
973
1023
1022
1037
1036
1022
978
986
1006
1021
1007
981
1000
1009
991
1017
998
1033
1000
1009
1015
1011
998
1038
997
1012
1017
1030
1020
1037
1037
1062
1025
1034
1020
1036
1027
1065
1028
1063
1031
1030
1034
1034
1035
)


// ************************************************************************* //
