/*--------------------------------*- C++ -*----------------------------------*\
  =========                 |
  \\      /  F ield         | OpenFOAM: The Open Source CFD Toolbox
   \\    /   O peration     | Website:  https://openfoam.org
    \\  /    A nd           | Version:  7
     \\/     M anipulation  |
\*---------------------------------------------------------------------------*/
FoamFile
{
    version     2.0;
    format      ascii;
    class       vectorField;
    location    "constant/alumina/polyMesh";
    object      points;
}
// * * * * * * * * * * * * * * * * * * * * * * * * * * * * * * * * * * * * * //


1133
(
(0.0126922635031425 0.14730625 0.000443223608121762)
(0 0.14730625 0)
(0 0.12190625 0)
(0.0126922635031425 0.12190625 0.000443223608121762)
(0.0126922635031425 0.12190625 -0.000443223608121762)
(0.0126922635031425 0.14730625 -0.000443223608121762)
(0.0117159355413646 0.14730625 0.000409129484420168)
(0.0107396075795871 0.14730625 0.000375035360718586)
(0.00976327961780965 0.14730625 0.00034094123701701)
(0.00878695165603227 0.14730625 0.000306847113315434)
(0.00781062369425463 0.14730625 0.000272752989613849)
(0.00683429573247712 0.14730625 0.000238658865912269)
(0.0058579677706971 0.14730625 0.000204564742210601)
(0.00488163980891409 0.14730625 0.000170470618508828)
(0.00390531184713083 0.14730625 0.000136376494807047)
(0.00292898388534845 0.14730625 0.000102282371105297)
(0.00195265592356609 0.14730625 6.8188247403547e-05)
(0.000976327961782819 0.14730625 3.40941237017657e-05)
(0 0.146320598903289 0)
(0 0.145334947806594 0)
(0 0.144349296709904 0)
(0 0.14336364561321 0)
(0 0.142377994516521 0)
(0 0.14139234341983 0)
(0 0.140406692323137 0)
(0 0.139421041226447 0)
(0 0.138435390129757 0)
(0 0.137449739033063 0)
(0 0.136464087936374 0)
(0 0.135478436839682 0)
(0 0.13449278574299 0)
(0 0.133507134646301 0)
(0 0.132521483549609 0)
(0 0.131535832452917 0)
(0 0.130550181356227 0)
(0 0.129564530259535 0)
(0 0.128578879162843 0)
(0 0.127593228066154 0)
(0 0.126607576969461 0)
(0 0.125625078101493 0)
(0 0.124662653892 0)
(0 0.123722378962252 0)
(0 0.122803743752112 0)
(0.000864689982549349 0.12190625 3.01956395624292e-05)
(0.00169992566409251 0.12190625 5.93627122688807e-05)
(0.00250671008613786 0.12190625 8.75362451006592e-05)
(0.00328601256520414 0.12190625 0.00011475008733648)
(0.00403876904283803 0.12190625 0.000141036922775354)
(0.00476588409093083 0.12190625 0.000166428339763783)
(0.0054682305522932 0.12190625 0.000190954818644363)
(0.00614665277703989 0.12190625 0.000214645844772821)
(0.00680196551817224 0.12190625 0.000237529869950909)
(0.00743495574386058 0.12190625 0.000259634375712701)
(0.00804638404074075 0.12190625 0.000280985922328785)
(0.00863698483879654 0.12190625 0.000301610156659334)
(0.00920746759510166 0.12190625 0.000321531853491282)
(0.00975851764164756 0.12190625 0.000340774945145128)
(0.0102907969369426 0.12190625 0.000359362547721355)
(0.0108049447758987 0.12190625 0.000377316985890221)
(0.0113015788353922 0.12190625 0.000394659829403545)
(0.0117812957981463 0.12190625 0.000411411914881164)
(0.0122446717070247 0.12190625 0.000427593358183133)
(0.0126922635031425 0.12235603302579 0.000443223608121762)
(0.0126922635031425 0.122821745584913 0.000443223608121762)
(0.0126922635031425 0.123303951752998 0.000443223608121762)
(0.0126922635031425 0.12380323573184 0.000443223608121762)
(0.0126922635031425 0.124320202381834 0.000443223608121762)
(0.0126922635031425 0.124855477852119 0.000443223608121762)
(0.0126922635031425 0.12540971063625 0.000443223608121762)
(0.0126922635031425 0.125983572136177 0.000443223608121762)
(0.0126922635031425 0.126577757578246 0.000443223608121762)
(0.0126922635031425 0.127192986579242 0.000443223608121762)
(0.0126922635031425 0.127830004612123 0.000443223608121762)
(0.0126922635031425 0.128489583382476 0.000443223608121762)
(0.0126922635031425 0.129172521550325 0.000443223608121762)
(0.0126922635031425 0.12987964668303 0.000443223608121762)
(0.0126922635031425 0.130611815326038 0.000443223608121762)
(0.0126922635031425 0.131369914465139 0.000443223608121762)
(0.0126922635031425 0.132154862553352 0.000443223608121762)
(0.0126922635031425 0.132967610224206 0.000443223608121762)
(0.0126922635031425 0.13380914222817 0.000443223608121762)
(0.0126922635031425 0.134680477700038 0.000443223608121762)
(0.0126922635031425 0.135582672713194 0.000443223608121762)
(0.0126922635031425 0.136516819568428 0.000443223608121762)
(0.0126922635031425 0.137483995562324 0.000443223608121762)
(0.0126922635031425 0.138466221006075 0.000443223608121762)
(0.0126922635031425 0.139448446449846 0.000443223608121762)
(0.0126922635031425 0.140430671893614 0.000443223608121762)
(0.0126922635031425 0.141412897337383 0.000443223608121762)
(0.0126922635031425 0.142395122781154 0.000443223608121762)
(0.0126922635031425 0.143377348224921 0.000443223608121762)
(0.0126922635031425 0.144359573668692 0.000443223608121762)
(0.0126922635031425 0.145341799112463 0.000443223608121762)
(0.0126922635031425 0.146324024556229 0.000443223608121762)
(0.000864689982549349 0.12190625 -3.01956395624292e-05)
(0.00169992566409251 0.12190625 -5.93627122688808e-05)
(0.00250671008613786 0.12190625 -8.75362451006592e-05)
(0.00328601256520414 0.12190625 -0.00011475008733648)
(0.00403876904283803 0.12190625 -0.000141036922775354)
(0.00476588409093083 0.12190625 -0.000166428339763783)
(0.0054682305522932 0.12190625 -0.000190954818644363)
(0.00614665277703989 0.12190625 -0.000214645844772821)
(0.00680196551817224 0.12190625 -0.000237529869950909)
(0.00743495574386058 0.12190625 -0.000259634375712701)
(0.00804638404074075 0.12190625 -0.000280985922328786)
(0.00863698483879654 0.12190625 -0.000301610156659334)
(0.00920746759510166 0.12190625 -0.000321531853491282)
(0.00975851764164756 0.12190625 -0.000340774945145128)
(0.0102907969369426 0.12190625 -0.000359362547721355)
(0.0108049447758987 0.12190625 -0.000377316985890222)
(0.0113015788353922 0.12190625 -0.000394659829403545)
(0.0117812957981463 0.12190625 -0.000411411914881165)
(0.0122446717070247 0.12190625 -0.000427593358183134)
(0.0126922635031425 0.146324024556229 -0.000443223608121762)
(0.0126922635031425 0.145341799112463 -0.000443223608121762)
(0.0126922635031425 0.144359573668692 -0.000443223608121762)
(0.0126922635031425 0.143377348224921 -0.000443223608121762)
(0.0126922635031425 0.142395122781154 -0.000443223608121762)
(0.0126922635031425 0.141412897337383 -0.000443223608121762)
(0.0126922635031425 0.140430671893614 -0.000443223608121762)
(0.0126922635031425 0.139448446449846 -0.000443223608121762)
(0.0126922635031425 0.138466221006075 -0.000443223608121762)
(0.0126922635031425 0.137483995562324 -0.000443223608121762)
(0.0126922635031425 0.136516819568428 -0.000443223608121762)
(0.0126922635031425 0.135582672713194 -0.000443223608121762)
(0.0126922635031425 0.134680477700038 -0.000443223608121762)
(0.0126922635031425 0.13380914222817 -0.000443223608121762)
(0.0126922635031425 0.132967610224206 -0.000443223608121762)
(0.0126922635031425 0.132154862553352 -0.000443223608121762)
(0.0126922635031425 0.131369914465139 -0.000443223608121762)
(0.0126922635031425 0.130611815326038 -0.000443223608121762)
(0.0126922635031425 0.12987964668303 -0.000443223608121762)
(0.0126922635031425 0.129172521550325 -0.000443223608121762)
(0.0126922635031425 0.128489583382476 -0.000443223608121762)
(0.0126922635031425 0.127830004612123 -0.000443223608121762)
(0.0126922635031425 0.127192986579242 -0.000443223608121762)
(0.0126922635031425 0.126577757578246 -0.000443223608121762)
(0.0126922635031425 0.125983572136177 -0.000443223608121762)
(0.0126922635031425 0.12540971063625 -0.000443223608121762)
(0.0126922635031425 0.124855477852119 -0.000443223608121762)
(0.0126922635031425 0.124320202381834 -0.000443223608121762)
(0.0126922635031425 0.12380323573184 -0.000443223608121762)
(0.0126922635031425 0.123303951752998 -0.000443223608121762)
(0.0126922635031425 0.122821745584913 -0.000443223608121762)
(0.0126922635031425 0.12235603302579 -0.000443223608121762)
(0.000976327961782819 0.14730625 -3.40941237017657e-05)
(0.00195265592356609 0.14730625 -6.81882474035471e-05)
(0.00292898388534845 0.14730625 -0.000102282371105297)
(0.00390531184713083 0.14730625 -0.000136376494807047)
(0.00488163980891409 0.14730625 -0.000170470618508828)
(0.0058579677706971 0.14730625 -0.000204564742210601)
(0.00683429573247711 0.14730625 -0.000238658865912269)
(0.00781062369425463 0.14730625 -0.000272752989613849)
(0.00878695165603226 0.14730625 -0.000306847113315434)
(0.00976327961780965 0.14730625 -0.00034094123701701)
(0.0107396075795871 0.14730625 -0.000375035360718586)
(0.0117159355413646 0.14730625 -0.000409129484420169)
(0.00644813415206899 0.122476089581387 0.000225173806376267)
(0.0121496043241611 0.128143330092519 0.000424273532019972)
(0.0120473517265652 0.130990864895589 0.000420702792629392)
(0.0118794419029909 0.134243186735233 0.000414839252384955)
(0.000808263949963358 0.129046225785334 2.822519908516e-05)
(0.00886838898748598 0.122359483641517 0.000309690967595152)
(0.000864988846269593 0.136954071360889 3.02060761135133e-05)
(0.00644626477150526 0.14639659849582 0.000225108526168509)
(0.0118366168014873 0.139922844636995 0.000413343766886887)
(0.000853078899622393 0.133014309097955 2.97901716119875e-05)
(0.0121587062945937 0.125644750318473 0.000424591379831368)
(0.0118830909200605 0.136986028432177 0.000414966678868914)
(0.00444212186027268 0.122522442077769 0.000155122313536836)
(0.000851567255441474 0.140902355613779 2.9737383833992e-05)
(0.0105576273126652 0.122300891406565 0.00036868046976536)
(0.0118421494987416 0.142886235503038 0.000413536972932372)
(0.000916533755004537 0.126122417658482 3.20060639899195e-05)
(0.000834618216894503 0.143856466539363 2.91455103657865e-05)
(0.0122947946759982 0.124112749982265 0.000429343690828901)
(0.00932368986959411 0.14647445373623 0.000325590424748639)
(0.00332530126447514 0.146320137219175 0.000116122078947354)
(0.0119757619700138 0.132566485995064 0.00041820282324289)
(0.0028952861202184 0.122544512615053 0.000101105619216804)
(0.0121218212919378 0.129515665498834 0.000423303327155921)
(0.0121903921589599 0.126882534544984 0.000425697874597049)
(0.00781800495195073 0.122479908713691 0.000273010748812414)
(0.000807239852961455 0.130956005627667 2.81894368298194e-05)
(0.000897849382306061 0.135002960102047 3.13535913178181e-05)
(0.000853035718837805 0.138918547321076 2.97886637057624e-05)
(0.0115557472980093 0.12231854602119 0.00040353558769867)
(0.000738295951360816 0.124251286167896 2.57818627341617e-05)
(0.0117904608283751 0.144787602457405 0.000411731964789169)
(0.0123051114746765 0.123087080596308 0.000429703961377437)
(0.000766200756766624 0.145824644207831 2.675632001145e-05)
(0.00128230782332093 0.122617698957098 4.47791759156551e-05)
(0.0112159312595155 0.146552146489735 0.000391668950148829)
(0.0118987949385071 0.136054734074038 0.000415515075277181)
(0.0110931301218 0.136496783243722 0.00038738063992534)
(0.011061580135377 0.137425845311554 0.000386278890121995)
(0.0102706245987364 0.13692156504598 0.000358658114148749)
(0.0102305982957813 0.137854969209932 0.000357260364849645)
(0.00943914964829919 0.137347170977607 0.000329622369066367)
(0.00939934736956925 0.13828596483836 0.000328232442865593)
(0.00860790038114833 0.13777773860897 0.000300594505018008)
(0.00865002140381194 0.136839637114881 0.000302065403541201)
(0.00856127179193183 0.13872101389469 0.000298966198802254)
(0.00782042481915325 0.137268645990092 0.000273095252437193)
(0.00786290501521077 0.136328918799671 0.000274578693571682)
(0.00703240599843928 0.136761306528206 0.000245577028843882)
(0.00707598951651642 0.135819796332473 0.000247098998832293)
(0.00620224710671169 0.136257654240671 0.000216587241544338)
(0.00623859122142445 0.135300015691025 0.000217856405996604)
(0.00615011555625151 0.137212958730815 0.000214766767687471)
(0.00710946165175804 0.134882155109434 0.000248267871551463)
(0.00628758472525085 0.134364836339022 0.000219567296850319)
(0.00715039691434656 0.133961598696802 0.0002496973624204)
(0.00638388959025432 0.133463793074597 0.000222930336842039)
(0.0071955710367521 0.13305449976036 0.000251274877535916)
(0.00648310815840971 0.132568620628049 0.000226395125589894)
(0.0072393770264102 0.132155152271213 0.000252804616403125)
(0.00654574394003032 0.131681134523898 0.000228582415281804)
(0.00727439403194317 0.131276920724793 0.000254027437181633)
(0.006554606226895 0.130809541966125 0.000228891893158574)
(0.00730799880370732 0.130422601277976 0.000255200941670232)
(0.0066122483485634 0.129961780511995 0.000230904800402372)
(0.00734117049478648 0.129571460404441 0.000256359322648058)
(0.00666564877295441 0.129125689181049 0.000232769584313292)
(0.00736884287314917 0.12875320232691 0.00025732566339415)
(0.0066944039327693 0.128311644485416 0.000233773736620886)
(0.00739403449749447 0.127945880107401 0.000258205374301035)
(0.00672910824072189 0.127513943486295 0.000234985637759269)
(0.00742029721486882 0.127162875074817 0.000259122488600692)
(0.00602186349339459 0.127871137226907 0.000210288106963603)
(0.00606470175073878 0.127074330860298 0.000211784051873748)
(0.00806571494725202 0.127578997901032 0.000281660972459132)
(0.0080946168609997 0.126827566392699 0.000282670249526985)
(0.00585538203346579 0.130342661188564 0.00020447444627678)
(0.00535376182549571 0.127432892062695 0.000186957482621854)
(0.00539697596274431 0.126629664872353 0.000188466553547497)
(0.0080444498385943 0.130031719480978 0.000280918378501479)
(0.00564715933835883 0.132943863363962 0.000197203149538)
(0.00872571094602607 0.127220346735374 0.000304708540597796)
(0.00874829948228643 0.12650120384088 0.0003054973496657)
(0.00814342975181844 0.126109213400201 0.000284374833235492)
(0.00877486063992816 0.125793886442967 0.000306424885729141)
(0.00531958721949918 0.135717769992793 0.000185764079083378)
(0.00794003341123423 0.132640616100602 0.000277272076510486)
(0.00819754518545349 0.125417727056028 0.000286264585819408)
(0.00880136051269698 0.125111657768119 0.000307350281677662)
(0.00467095899846132 0.126990670792435 0.000163113482490673)
(0.00472586735007982 0.126180930523142 0.000165030924380714)
(0.00462317567607699 0.127818387974887 0.00016144485210414)
(0.00544162877057357 0.125828749448707 0.000190025863956862)
(0.00936030821420649 0.126163951454713 0.000326869165520018)
(0.00803553926899729 0.134531893018728 0.000280607214554541)
(0.0039176400479908 0.127357370463241 0.000136807005067526)
(0.00387060688118398 0.128216182676048 0.000135164570690998)
(0.00476853367751308 0.125398235330818 0.000166520865366071)
(0.00405685563652353 0.125730529757804 0.000141668520544336)
(0.00538115971320728 0.12502621655035 0.000187914237943191)
(0.00824185627040931 0.124738756249881 0.000287811963003079)
(0.0088345237765385 0.1244441397992 0.000308508368369865)
(0.00937598268629703 0.124798050778753 0.000327416530146796)
(0.00940315340956595 0.124164192877415 0.000328365352710994)
(0.00992567998721079 0.124493833635568 0.000346612382882241)
(0.00870146177055897 0.127965671258974 0.000303861740730945)
(0.00934683044426414 0.12761407872216 0.000326398511422598)
(0.00932629270214302 0.128339319045141 0.000325681317664105)
(0.00410347684739941 0.124945692649707 0.000143296569102758)
(0.0102922163511382 0.136038801209902 0.000359412114757293)
(0.00338504225004418 0.125277891438582 0.00011820828013362)
(0.00935106476324163 0.139232247140248 0.000326546377099565)
(0.00851406839231424 0.139670465256576 0.000297317819764981)
(0.00931083857399149 0.140183967227422 0.00032514164761723)
(0.00846948260641123 0.140624583960826 0.000295760849812853)
(0.00766674749146641 0.140108214585383 0.000267728721900934)
(0.00762089760519787 0.141065260346707 0.000266127608591327)
(0.00681336696446829 0.140546623831735 0.000237928017228886)
(0.00676885405397631 0.141506230149956 0.000236373592142189)
(0.00595805380249076 0.140986390464241 0.000208059823456211)
(0.00591130944510433 0.141948423674731 0.00020642747452688)
(0.00757010848006107 0.142025185348146 0.000264354013259737)
(0.00510331608132549 0.141436093787306 0.000178211724519497)
(0.00505357999669277 0.142396444834239 0.000176474902172615)
(0.0051239193459291 0.140498708821708 0.000178931206373497)
(0.00586487585071706 0.142916271447072 0.000204805977680608)
(0.00424229851122438 0.141881019250299 0.000148144328425651)
(0.00419174601814211 0.142844216845109 0.000146378996467492)
(0.00927684353424193 0.141140128176448 0.000323954514670273)
(0.00313879430163764 0.1277316530108 0.000109609112289499)
(0.00337715586886652 0.142325322806979 0.000117932881634391)
(0.00339552464462873 0.141378478462142 0.000118574333418629)
(0.00996138628809328 0.127990883342972 0.000347859274384762)
(0.00994641111803355 0.128719901910679 0.000347336329923006)
(0.0033394481926925 0.143291998003173 0.000116616100566648)
(0.00414843997680841 0.143816668920386 0.000144866716180478)
(0.00763120640629941 0.125042650620047 0.00026648759985833)
(0.00767939565029407 0.12436183945914 0.000268170405339849)
(0.00308856004924557 0.128609716159146 0.000107854893541126)
(0.00995284789537534 0.123881524433015 0.000347561107140829)
(0.0104581495255496 0.124215053906999 0.000365206628891948)
(0.0104380456057028 0.12480511178542 0.000364504584541097)
(0.00383250799775944 0.129093693793106 0.000133834128365037)
(0.00303757112304078 0.129501527708654 0.000106074321002497)
(0.003794811533484 0.129990822812955 0.00013251773882542)
(0.00298872096734872 0.130405040759287 0.000104368435975938)
(0.00375583115075571 0.13089924875767 0.000131156513865466)
(0.0029399651290575 0.131320086087744 0.000102665844585593)
(0.0068860267059182 0.139586213092424 0.000240465351311388)
(0.00371535988795888 0.131818866229802 0.000129743226226298)
(0.0109586290770286 0.124525695921137 0.000382683759944479)
(0.0109810804883824 0.123954671196753 0.000383467780505131)
(0.0109422918969804 0.125117234602524 0.000382113253045871)
(0.0028411466272733 0.132243812177914 9.92150264632675e-05)
(0.00366688462741475 0.132751552964996 0.000128050432826784)
(0.00278314719877445 0.133179469817142 9.71896417900059e-05)
(0.00362395639940969 0.133692214097562 0.00012655134607193)
(0.00888824900254075 0.123813125677749 0.000310384494602982)
(0.00344741719260062 0.124468410694498 0.000120386461124694)
(0.00329545482324842 0.14426542804667 0.000115079818253126)
(0.00274519461649377 0.134124539391736 9.58643084125659e-05)
(0.00358359688180481 0.134640408064559 0.000125141960660852)
(0.00269991482326652 0.135076195219322 9.4283103190643e-05)
(0.00354152196210711 0.135594840754813 0.000123672672088705)
(0.00270368461137439 0.124816701887535 9.44147470921905e-05)
(0.00263194407633403 0.125632676993215 9.19095124048315e-05)
(0.00706774325651667 0.124657657367434 0.000246811033087673)
(0.00697783425787471 0.125320613766947 0.000243671341670863)
(0.00710879837147941 0.123981776047938 0.000248244709293744)
(0.00998025644152202 0.127282286157022 0.000348518234662921)
(0.0105727568920049 0.127648569580259 0.00036920880631799)
(0.0105667427533789 0.126992664689639 0.00036899878796934)
(0.00266470176285823 0.136033316110492 9.30534360250262e-05)
(0.00349615729707023 0.136553038441714 0.000122088503077881)
(0.00261988684332384 0.136993736006086 9.14884645501744e-05)
(0.00345254245618836 0.137515097819378 0.000120565439273026)
(0.0114521385355637 0.124831735993418 0.000399917489987982)
(0.0025304726145855 0.142822237079147 8.83660508791205e-05)
(0.00414114735718624 0.124156725287512 0.000144612052291661)
(0.0086718415174888 0.13594258620853 0.000302827378701194)
(0.00260724835811502 0.137958036300984 9.10471189214724e-05)
(0.00344685870403506 0.138491270175869 0.000120366958274233)
(0.00438230670796758 0.138081688359263 0.000153033522391076)
(0.0040962509441667 0.144774650731503 0.000143044235001599)
(0.0104198031075562 0.125401555176195 0.000363867542468368)
(0.0109532533637133 0.125703772575788 0.000382496035898943)
(0.00496658627120772 0.144339396583924 0.000173437014337724)
(0.00933811067833593 0.129110462413171 0.000326094010486597)
(0.0099365026364251 0.129457538291439 0.000346990318120745)
(0.0105331080129678 0.129121132383214 0.00036782423695253)
(0.0105576550212305 0.129871719040659 0.000368681437369782)
(0.00992252206337928 0.130210039088461 0.000346502105752049)
(0.0105774232054945 0.130605092770803 0.000369371757575737)
(0.0099269111870633 0.130987017703928 0.000346655377328489)
(0.01058419635876 0.131387000769694 0.000369608281299653)
(0.00992525829387772 0.131781200973344 0.000346597657026561)
(0.00920035840072306 0.131364517025908 0.000321283594953115)
(0.00255977122526152 0.138932380145602 8.93891809089661e-05)
(0.0077190110796826 0.123684147767236 0.000269553806617843)
(0.00235161572608212 0.128120619188452 8.21202307036827e-05)
(0.00437370247442259 0.134200463960485 0.000152733055934798)
(0.00451128228652732 0.13135620560823 0.000157537448840025)
(0.01058147037628 0.132185893685747 0.00036951308789383)
(0.00991041333460561 0.1325955620508 0.000346079259625705)
(0.0105820789264722 0.133016717838616 0.000369534338934816)
(0.00985725350074258 0.133427596762442 0.000344222877321155)
(0.00340459688129656 0.139467180566138 0.00011889114290408)
(0.0025229350130268 0.139901633229559 8.81028320325685e-05)
(0.010113157614238 0.140711668629105 0.000353159245880518)
(0.0101011467578821 0.141699137404344 0.000352739817534315)
(0.0092357081182749 0.142111748352806 0.000322518034291341)
(0.010080213762423 0.142673813444404 0.000352008821225117)
(0.00919237386641504 0.143082546316321 0.000321004768871045)
(0.0100392195376127 0.143627930274514 0.000350577271350024)
(0.00914523372931598 0.14405046703382 0.0003193585990096)
(0.00995464816283744 0.144569939583458 0.000347623973865896)
(0.00832558961652941 0.143521234119565 0.000290735995881712)
(0.00827608780005096 0.14449098453553 0.000289007354359045)
(0.00746440553856087 0.143963906088747 0.000260662785205009)
(0.00491700034030475 0.145470200988256 0.000171705435474627)
(0.00578649725502373 0.144869440217721 0.000202068936807315)
(0.00240968351207576 0.127235362170924 8.41480024732627e-05)
(0.00740983701165296 0.14493462302467 0.000258757210255354)
(0.00649035255681505 0.124283600477414 0.000226648105556714)
(0.0110314025427602 0.138404218591325 0.000385225065366408)
(0.00281092071202988 0.123909821222768 9.8159514244375e-05)
(0.00199813300912402 0.125175311134253 6.97763422254722e-05)
(0.0105656506649633 0.133864652918201 0.000368960651401516)
(0.00985369747964074 0.134485319547482 0.00034409869832795)
(0.0109746837894524 0.141327018029097 0.000383244402856286)
(0.00225147084588639 0.12990947923849 7.86230944265889e-05)
(0.0111425517374715 0.127366074599392 0.000389106480774117)
(0.0045698371888976 0.129548925811104 0.000159582231088309)
(0.00654646852559489 0.123616154593706 0.000228607718367281)
(0.00591374499465736 0.123896877464175 0.000206512525791407)
(0.00161770566967755 0.12765149373431 5.64915267963033e-05)
(0.0111647085544493 0.126693046489501 0.000389880213872467)
(0.0110915485114641 0.128053676740919 0.000387325408875376)
(0.0103552320935085 0.126036698226664 0.00036161267297096)
(0.0111382790175644 0.130256366655175 0.000388957274107138)
(0.010649322253643 0.134740407798931 0.000371882527662807)
(0.00210726859210238 0.131737898136184 7.3587440762007e-05)
(0.00913962466972264 0.133791125532113 0.000319162726332475)
(0.00822808107656802 0.145461383718006 0.000287330922634243)
(0.00601578732115995 0.123110394471069 0.000210075922353605)
(0.00531971955770211 0.123511820162386 0.000185768700435258)
(0.011278704589902 0.131913737674964 0.000393861043149483)
(0.00900676267512656 0.13465329686609 0.000314523083244972)
(0.0018549728985388 0.133595652508484 6.47770810033126e-05)
(0.00542881421593646 0.122903221040729 0.000189578369848241)
(0.0108475130559948 0.144152773546907 0.000378803502987119)
(0.00323536873459947 0.145239831907786 0.000112981565801755)
(0.00243349486684001 0.144770024429967 8.49795133042713e-05)
(0.00238322518163294 0.145727619302774 8.32240572147324e-05)
(0.0113486843870252 0.133427008983248 0.000396304791513904)
(0.00436970304165381 0.136133507575147 0.000152593392664982)
(0.00613497509423066 0.12546594779014 0.000214238051103242)
(0.0108517438703886 0.145117391199359 0.000378951246281326)
(0.00179476812498245 0.135515841770089 6.26746839836485e-05)
(0.00738088117304447 0.145887794075309 0.000257746050089866)
(0.00187078325104123 0.126034482720289 6.53291906786333e-05)
(0.00532105483638156 0.124244175976593 0.00018581532939423)
(0.00989996653542869 0.145561583313244 0.000345714449359722)
(0.00936314462326972 0.126895619359798 0.000326968215107099)
(0.00174463696836749 0.137449798285713 6.09240654191428e-05)
(0.0114406545072616 0.124256323677098 0.000399516458882806)
(0.0114491509832395 0.123695792983915 0.000399813162361925)
(0.0110119888896186 0.1234013578948 0.000384547125660058)
(0.0114836597543515 0.123155158135244 0.00040101823520337)
(0.0110649503815235 0.12287818232089 0.00038639658171081)
(0.0105830160834706 0.123093400914217 0.000369567065178334)
(0.011886680478043 0.124480736735422 0.000415092028995799)
(0.0119457815374815 0.125045033211013 0.000417155883469166)
(0.00935588780227264 0.125442753703288 0.000326714801333817)
(0.00944458958205476 0.123539798223794 0.000329812335739096)
(0.00895867233137836 0.123231864029928 0.000312843731436162)
(0.00949104639677954 0.122954020225967 0.000331434643457421)
(0.00837031247142179 0.123453420889936 0.000292297752388421)
(0.00847649487022934 0.122819884769519 0.000296005723461261)
(0.00804012210274512 0.129174546883058 0.000280767250635468)
(0.0061166328772252 0.126279726605868 0.000213597526771227)
(0.0100174622113132 0.126591849248637 0.000349817488773561)
(0.000763223146658353 0.125150588658324 2.66523395752228e-05)
(0.0079639019880003 0.131758065162667 0.00027810558557783)
(0.00868439696515302 0.132205287253276 0.000303265824594942)
(0.00798049647776185 0.130881825928517 0.000278685077929626)
(0.00875402161124726 0.130524859650601 0.000305697170812144)
(0.00828889137514783 0.124082571640523 0.000289454465053673)
(0.00677568716926599 0.126744430011176 0.00023661220978613)
(0.00746173969490515 0.126411463380308 0.000260569691893207)
(0.00789705189536068 0.135401457928419 0.00027577112890226)
(0.00722683258528347 0.123371973851507 0.000252366554866135)
(0.00794859129590549 0.133550296798868 0.000277570924428428)
(0.00358720655422325 0.123787309884195 0.000125268013199317)
(0.00410283457342941 0.123291123408057 0.000143274140401502)
(0.00870894289618569 0.129558061591368 0.000304122987394494)
(0.0119270903289614 0.135184300829316 0.000416503172084913)
(0.00947841271973724 0.136423704277836 0.000330993465733594)
(0.00948632995334663 0.122394520720488 0.00033126994162348)
(0.00987494824507031 0.122706714629984 0.000344840791409039)
(0.0100325364638758 0.123221548730325 0.00035034389327256)
(0.012323261758864 0.122597039662155 0.000430337783267758)
(0.000796948937830826 0.129975593608249 2.78300701546836e-05)
(0.0114953854573333 0.12540267466249 0.000401427705774324)
(0.0115118119462133 0.126072637987883 0.000402001331406061)
(0.00451936658096274 0.130401971550572 0.000157819758622508)
(0.0010144609070757 0.131950610015113 3.54257554943799e-05)
(0.0118791319630601 0.123380592632687 0.000414828429044075)
(0.00459342118165423 0.12867771466714 0.000160405802263059)
(0.00532045578458903 0.129119116005163 0.000185794410044669)
(0.000875265587818133 0.135980485627546 3.05649478362562e-05)
(0.00181810968108998 0.13455481174814 6.34897890840584e-05)
(0.000907417933314616 0.13402386779037 3.16877324819579e-05)
(0.00183879857763368 0.132638252274531 6.42122612712992e-05)
(0.00804429959819794 0.128350247978904 0.000280913131991229)
(0.00947811204441243 0.13545549892749 0.000330982965919884)
(0.0118194273548437 0.143806246629647 0.000412743498182956)
(0.00210331787511518 0.122589732502943 7.34494786847701e-05)
(0.00171404098656043 0.123251855155838 5.98556301910846e-05)
(0.0120808593830967 0.130232013042087 0.000421872905779336)
(0.000862626732829621 0.137937880142042 3.01235892945627e-05)
(0.00171901914167887 0.138426867246763 6.002947119847e-05)
(0.00440393841301553 0.135165769615514 0.000153788918176769)
(0.00524610342970199 0.136689448598793 0.00018319796859849)
(0.00531572104809825 0.137682619163289 0.000185629069403071)
(0.00615519735028194 0.138154241435934 0.000214944227845412)
(0.00532560980866298 0.13863148521812 0.000185974392531311)
(0.00436335839714218 0.139054452779456 0.000152371832796484)
(0.0053051858528059 0.134624298474499 0.000185261172276716)
(0.00428383668912569 0.139983174325311 0.00014959487356125)
(0.00367696840518967 0.122539886972882 0.000128402566106068)
(0.00444070983872728 0.132312069565165 0.000155073004657931)
(0.00528229492353645 0.13189379849039 0.000184461803412246)
(0.00440159949853097 0.133254946902703 0.000153707241483192)
(0.012121951627033 0.128824827340415 0.000423307878557737)
(0.0116057216999064 0.129168057728152 0.000405280732267805)
(0.012181888890954 0.127495645521121 0.000425400933935086)
(0.00772648962396401 0.139155080343102 0.000269814963138828)
(0.0058233295347251 0.143890729746519 0.000203355148356622)
(0.0070997904782684 0.122438574539988 0.000247930146731316)
(0.0121951945402599 0.126271046584353 0.000425865577447437)
(0.000850664740585063 0.139908647292346 2.97058673207285e-05)
(0.00751596300051792 0.142992307592947 0.000262463211449591)
(0.010498197225748 0.123640783624536 0.000366605125399251)
(0.0110718408258523 0.12236260692034 0.000386637201328912)
(0.0112866117195688 0.131025335662068 0.000394137166201922)
(0.000794939422558969 0.14484152766401 2.77598963350849e-05)
(0.0118600649041997 0.122790727507712 0.000414162592676726)
(0.0110889316995068 0.135566987638308 0.000387234027788213)
(0.000840411737658618 0.142871158108187 2.93478245689358e-05)
(0.001664600809771 0.143336460300561 5.81291411737897e-05)
(0.000841233497249084 0.141885963615525 2.93765210461721e-05)
(0.00169974841118944 0.141390049386164 5.93565224611109e-05)
(0.00176070802226996 0.136487874860136 6.14852789879602e-05)
(0.0118434041248965 0.141889696841221 0.000413580785443126)
(0.0109859450686442 0.142321207413547 0.000383637655391127)
(0.011847658285196 0.138948040336508 0.000413729343994323)
(0.010993515588651 0.139356540861646 0.000383902023775218)
(0.0105236746733681 0.128375346539606 0.000367494817474831)
(0.00826768160008197 0.146427146254009 0.000288713803387627)
(0.00536980378980559 0.146460209797841 0.000187517680359715)
(0.0102514435986984 0.146460209797843 0.000357988298867798)
(0.00439347582802246 0.14646020979784 0.000153423556657938)
(0.00602002668764151 0.140035539893154 0.000210223964293299)
(0.00500800127562309 0.143366998117397 0.000174883258160413)
(0.0090730007186239 0.144983955021137 0.000316836166693527)
(0.00777773359305635 0.138208986543734 0.000271604441971344)
(0.0118685806560658 0.1379445349502 0.000414459969284692)
(0.00842571286549963 0.141585959208001 0.000294232376779766)
(0.000836613986937476 0.12711073947918 2.92152041914157e-05)
(0.00322517688943778 0.126892860685649 0.000112625658726169)
(0.00698261113591986 0.137707059232418 0.000243838153927968)
(0.00837757599121633 0.142553163489631 0.000292551400088865)
(0.00169654707841847 0.14040446449308 5.92447294573496e-05)
(0.00254896123231572 0.140901373856148 8.90116876370986e-05)
(0.00784172203013166 0.12310868559584 0.000273838967432588)
(0.0101884874702398 0.138807089549905 0.000355789822417803)
(0.00924068327132243 0.132881255606447 0.0003226917704641)
(0.00671590970904178 0.14247057646293 0.000234524734876839)
(0.00170032881963475 0.139415423288071 5.93767907706408e-05)
(0.0118286360221791 0.140885585570587 0.0004130650719323)
(0.00437708899678003 0.137109233326264 0.000152851315901421)
(0.00399352197505961 0.126535756900756 0.000139456860351286)
(0.0120374829309151 0.131746493626598 0.000420358166691335)
(0.000772641830599329 0.123322855700324 2.69812472660412e-05)
(0.00231801382787843 0.129011743006565 8.09468265620264e-05)
(0.00571035575572889 0.133828951164686 0.000199410017061683)
(0.00218028128570233 0.130817085187494 7.61371002051825e-05)
(0.00666709735149717 0.143439011022521 0.000232820169790674)
(0.00990138313232976 0.125099509414256 0.000345763918013567)
(0.0020816707659231 0.124381593907338 7.26935449745106e-05)
(0.00662323955947063 0.144411580575801 0.000231288621944899)
(0.00530638082130368 0.128234213901092 0.000185302901496177)
(0.00249592036103693 0.12318546225222 8.71594595975305e-05)
(0.000808553517564732 0.12808421486579 2.82353110086199e-05)
(0.00755887604557559 0.1257220128198 0.000263961768004239)
(0.00657985679003124 0.145382007032492 0.000229773662253392)
(0.00695978949833681 0.138636216165726 0.000243041204782506)
(0.00590365402849347 0.131258876702171 0.000206160141488049)
(0.00599525107259587 0.128685029317051 0.000209358780751274)
(0.0101482747368859 0.139770316348923 0.000354385562825718)
(0.00341129397222529 0.140430935356601 0.000119125010472668)
(0.00166116363290597 0.142373033659912 5.80091123127836e-05)
(0.00869320495802777 0.128749718195102 0.000303573406483806)
(0.0025473028013288 0.141855865946555 8.89537739508864e-05)
(0.0117086742669727 0.145797061671757 0.000408875915130912)
(0.00330735287488791 0.12608245199304 0.00011549530737183)
(0.00519792802981893 0.139544976317432 0.000181515646564001)
(0.0116107100793428 0.128441105610198 0.000405454930316244)
(0.00426003154074311 0.140934735000561 0.000148763579461865)
(0.00150440987900796 0.146449463757646 5.25351506059451e-05)
(0.00686877212499694 0.126031778985778 0.00023986280806836)
(0.0111533400499386 0.132621968835528 0.000389483216946985)
(0.00247680600834387 0.143805902764958 8.64919716931521e-05)
(0.0120171965381498 0.122280053358699 0.000419649750245759)
(0.00609076301344339 0.139098112020465 0.000212694131221319)
(0.00158419647768046 0.128545002914141 5.53213600267183e-05)
(0.0109824807588156 0.140328995679392 0.000383516679026155)
(0.00160900976756261 0.14434011611286 5.61878592030245e-05)
(0.00577077939001842 0.122437004377759 0.000201520056866562)
(0.00241891522680611 0.146621944055919 8.4470381055375e-05)
(0.00399976892607766 0.145660199373137 0.000139675008687814)
(0.00987095888475496 0.125716759519714 0.000344701479877047)
(0.0109926438281238 0.143259025335298 0.000383871581226794)
(0.012117683053263 0.133402686833184 0.000423158816677055)
(0.00252511266180042 0.126450265786046 8.81788772034261e-05)
(0.00650482419793952 0.124874324661269 0.000227153466400589)
(0.00157145281876689 0.145334541990139 5.48763416513158e-05)
(0.00170573536702583 0.126823760153158 5.95655915658306e-05)
(0.00590283358859229 0.124542180794481 0.000206131491095377)
(0.00836925153784067 0.122294355424945 0.000292260703771389)
(0.00475242675628927 0.12462752581425 0.000165958399282792)
(0.0117518971954427 0.126603504326179 0.000410385293052771)
(0.00581337659607072 0.145717324705803 0.000203007584080107)
(0.00596649703915746 0.129515136194078 0.000208354667777613)
(0.00675608385235757 0.122988616177249 0.000235927646875098)
(0.0111429952110881 0.134245090926257 0.000389121967214056)
(0.012280267924157 0.123610993091471 0.00042883640547639)
(0.00934193334449021 0.129907736049477 0.000326227500930215)
(0.00476132050701724 0.123833160057049 0.000166268975901881)
(0.001565626509189 0.129451287269325 5.46728824375587e-05)
(0.0117013041403771 0.127171547919963 0.000408618544638941)
(0.00482886866211001 0.123125521015461 0.000168627809455468)
(0.0114466824180574 0.122722238383868 0.000399726958166225)
(0.0116497905611672 0.127767210004181 0.00040681965081366)
(0.00524830520487604 0.129913317116082 0.000183274856281816)
(0.0110837893895882 0.128797338218559 0.000387054454368888)
(0.0118564264704253 0.123938717136833 0.000414035535769579)
(0.0032787946969879 0.123140653084771 0.000114498033824279)
(0.0108911616786601 0.12619691426675 0.000380327746477847)
(0.00138593496554517 0.124705385917407 4.83979154623565e-05)
(0.00942914932138062 0.130598833903675 0.000329273149955202)
(0.00154191624075202 0.130373639673707 5.38449016188835e-05)
(0.00741593886210551 0.122851829590779 0.00025897029156848)
(0.0110934431742886 0.129509753265379 0.000387391571959136)
(0.00522004750964364 0.130861138442668 0.000182288075820237)
(0.00732245971336587 0.146691942383021 0.000255705927763059)
(0.0100421993650512 0.122280971818804 0.000350681329217129)
(0.0085166350885771 0.131346911004194 0.000297407450773531)
(0.00893398700754232 0.14576937194276 0.000311981700932654)
(0.0107855519062008 0.145897678494388 0.000376639771957717)
(0.0123135096157866 0.124657799067806 0.000429997230927303)
(0.000615160680926238 0.122531345364315 2.14818843390118e-05)
(0.00511720035136721 0.122373378114057 0.000178696573913185)
(0.0119784493246575 0.146590568411113 0.000418296667734948)
(0.00145430906554804 0.123980597841395 5.07855916477621e-05)
(0.00070843513824424 0.146594970737016 2.47391001624816e-05)
(0.00153023337571878 0.131167047728033 5.34369269820545e-05)
(0.0103364609372757 0.122707982226407 0.000360957169751059)
(0.00939222205313637 0.132165564581955 0.000327983621332885)
(0.0123692739969119 0.125132594244183 0.000431944566026429)
(0.0123624034075055 0.122236817703349 0.000431704639757497)
(0.00858353065592545 0.135213810928734 0.000299743495460923)
(0.00853877810168413 0.133157516138522 0.000298180701830095)
(0.0102282154803637 0.13531856609813 0.000357177155101706)
(0.00597239207776576 0.132069258741694 0.000208560527061998)
(0.00138531576204796 0.125515399364599 4.83762923997616e-05)
(0.00849272912084514 0.133980191638609 0.000296572635984886)
(0.0116155771901691 0.129879189220818 0.000405624893571496)
(0.0116533385742203 0.130593279135282 0.00040694355015964)
(0.0113187907271181 0.13484005290277 0.000395260881907021)
(0.00907145803618837 0.122772549467114 0.000316782295035797)
(0.00493994457422561 0.132830528578714 0.000172506665778542)
(0.00215517020312231 0.123748108280307 7.52602018787174e-05)
(0.0105041893114173 0.126484616212786 0.000366814373641685)
(0.00499685313781004 0.133679534725853 0.000174493956609581)
(0.00990099035094579 0.126127314612432 0.000345750201785397)
(0.0107227791081575 0.122668612757684 0.000374447697546895)
(0.00644813415206899 0.122476089581387 -0.000225173806376268)
(0.0121496043241611 0.128143330092519 -0.000424273532019972)
(0.0120473517265652 0.130990864895589 -0.000420702792629392)
(0.0118794419029909 0.134243186735233 -0.000414839252384955)
(0.000808263949963358 0.129046225785334 -2.82251990851599e-05)
(0.00886838898748598 0.122359483641517 -0.000309690967595152)
(0.000864988846269592 0.136954071360889 -3.02060761135132e-05)
(0.00644626477150526 0.14639659849582 -0.000225108526168509)
(0.0118366168014873 0.139922844636995 -0.000413343766886888)
(0.000853078899622393 0.133014309097955 -2.97901716119873e-05)
(0.0121587062945937 0.125644750318473 -0.000424591379831368)
(0.0118830909200605 0.136986028432177 -0.000414966678868914)
(0.00444212186027268 0.122522442077769 -0.000155122313536836)
(0.000851567255441474 0.140902355613779 -2.97373838339919e-05)
(0.0105576273126652 0.122300891406565 -0.00036868046976536)
(0.0118421494987416 0.142886235503038 -0.000413536972932372)
(0.000916533755004537 0.126122417658482 -3.20060639899194e-05)
(0.000834618216894503 0.143856466539363 -2.91455103657864e-05)
(0.0122947946759982 0.124112749982265 -0.000429343690828901)
(0.00932368986959411 0.14647445373623 -0.000325590424748639)
(0.00332530126447514 0.146320137219175 -0.000116122078947354)
(0.0119757619700138 0.132566485995064 -0.00041820282324289)
(0.0028952861202184 0.122544512615053 -0.000101105619216803)
(0.0121218212919378 0.129515665498834 -0.000423303327155921)
(0.0121903921589599 0.126882534544984 -0.000425697874597049)
(0.00781800495195073 0.122479908713691 -0.000273010748812414)
(0.000807239852961455 0.130956005627667 -2.81894368298192e-05)
(0.000897849382306061 0.135002960102047 -3.1353591317818e-05)
(0.000853035718837805 0.138918547321076 -2.97886637057622e-05)
(0.0115557472980093 0.12231854602119 -0.00040353558769867)
(0.000738295951360816 0.124251286167896 -2.57818627341616e-05)
(0.0117904608283751 0.144787602457405 -0.000411731964789169)
(0.0123051114746765 0.123087080596308 -0.000429703961377437)
(0.000766200756766624 0.145824644207831 -2.67563200114499e-05)
(0.00128230782332093 0.122617698957098 -4.47791759156549e-05)
(0.0112159312595155 0.146552146489735 -0.000391668950148829)
(0.0118987949385071 0.136054734074038 -0.000415515075277182)
(0.0110931301218 0.136496783243722 -0.00038738063992534)
(0.011061580135377 0.137425845311554 -0.000386278890121995)
(0.0102706245987364 0.13692156504598 -0.00035865811414875)
(0.0102305982957813 0.137854969209932 -0.000357260364849645)
(0.00943914964829919 0.137347170977607 -0.000329622369066368)
(0.00939934736956925 0.13828596483836 -0.000328232442865593)
(0.00860790038114832 0.13777773860897 -0.000300594505018008)
(0.00865002140381194 0.136839637114881 -0.000302065403541201)
(0.00856127179193183 0.13872101389469 -0.000298966198802254)
(0.00782042481915325 0.137268645990092 -0.000273095252437194)
(0.00786290501521077 0.136328918799671 -0.000274578693571682)
(0.00703240599843927 0.136761306528206 -0.000245577028843882)
(0.00707598951651642 0.135819796332473 -0.000247098998832293)
(0.00620224710671169 0.136257654240671 -0.000216587241544338)
(0.00623859122142445 0.135300015691025 -0.000217856405996604)
(0.00615011555625151 0.137212958730815 -0.000214766767687471)
(0.00710946165175804 0.134882155109434 -0.000248267871551463)
(0.00628758472525085 0.134364836339022 -0.000219567296850319)
(0.00715039691434656 0.133961598696802 -0.000249697362420401)
(0.00638388959025432 0.133463793074597 -0.000222930336842039)
(0.0071955710367521 0.13305449976036 -0.000251274877535916)
(0.0064831081584097 0.132568620628049 -0.000226395125589894)
(0.0072393770264102 0.132155152271213 -0.000252804616403125)
(0.00654574394003032 0.131681134523898 -0.000228582415281804)
(0.00727439403194317 0.131276920724793 -0.000254027437181633)
(0.00655460622689499 0.130809541966125 -0.000228891893158574)
(0.00730799880370732 0.130422601277976 -0.000255200941670232)
(0.0066122483485634 0.129961780511995 -0.000230904800402372)
(0.00734117049478648 0.129571460404441 -0.000256359322648058)
(0.00666564877295441 0.129125689181049 -0.000232769584313292)
(0.00736884287314917 0.12875320232691 -0.00025732566339415)
(0.0066944039327693 0.128311644485416 -0.000233773736620886)
(0.00739403449749447 0.127945880107401 -0.000258205374301035)
(0.00672910824072189 0.127513943486295 -0.000234985637759269)
(0.00742029721486882 0.127162875074817 -0.000259122488600692)
(0.00602186349339459 0.127871137226907 -0.000210288106963603)
(0.00606470175073878 0.127074330860298 -0.000211784051873748)
(0.00806571494725202 0.127578997901032 -0.000281660972459132)
(0.0080946168609997 0.126827566392699 -0.000282670249526985)
(0.00585538203346579 0.130342661188564 -0.00020447444627678)
(0.00535376182549571 0.127432892062695 -0.000186957482621854)
(0.00539697596274431 0.126629664872353 -0.000188466553547497)
(0.0080444498385943 0.130031719480978 -0.000280918378501479)
(0.00564715933835883 0.132943863363962 -0.000197203149538)
(0.00872571094602607 0.127220346735374 -0.000304708540597797)
(0.00874829948228643 0.12650120384088 -0.0003054973496657)
(0.00814342975181844 0.126109213400201 -0.000284374833235492)
(0.00877486063992816 0.125793886442967 -0.000306424885729141)
(0.00531958721949918 0.135717769992793 -0.000185764079083378)
(0.00794003341123423 0.132640616100602 -0.000277272076510486)
(0.00819754518545349 0.125417727056028 -0.000286264585819408)
(0.00880136051269698 0.125111657768119 -0.000307350281677662)
(0.00467095899846132 0.126990670792435 -0.000163113482490673)
(0.00472586735007982 0.126180930523142 -0.000165030924380714)
(0.00462317567607699 0.127818387974887 -0.00016144485210414)
(0.00544162877057357 0.125828749448707 -0.000190025863956862)
(0.00936030821420649 0.126163951454713 -0.000326869165520018)
(0.00803553926899728 0.134531893018728 -0.000280607214554541)
(0.0039176400479908 0.127357370463241 -0.000136807005067526)
(0.00387060688118398 0.128216182676048 -0.000135164570690998)
(0.00476853367751308 0.125398235330818 -0.00016652086536607)
(0.00405685563652353 0.125730529757804 -0.000141668520544336)
(0.00538115971320728 0.12502621655035 -0.000187914237943191)
(0.00824185627040931 0.124738756249881 -0.000287811963003079)
(0.0088345237765385 0.1244441397992 -0.000308508368369866)
(0.00937598268629703 0.124798050778753 -0.000327416530146796)
(0.00940315340956595 0.124164192877415 -0.000328365352710994)
(0.00992567998721079 0.124493833635568 -0.000346612382882242)
(0.00870146177055897 0.127965671258974 -0.000303861740730945)
(0.00934683044426414 0.12761407872216 -0.000326398511422598)
(0.00932629270214302 0.128339319045141 -0.000325681317664105)
(0.00410347684739941 0.124945692649707 -0.000143296569102758)
(0.0102922163511382 0.136038801209902 -0.000359412114757294)
(0.00338504225004418 0.125277891438582 -0.00011820828013362)
(0.00935106476324163 0.139232247140248 -0.000326546377099566)
(0.00851406839231424 0.139670465256576 -0.000297317819764981)
(0.00931083857399149 0.140183967227422 -0.00032514164761723)
(0.00846948260641123 0.140624583960826 -0.000295760849812854)
(0.00766674749146641 0.140108214585383 -0.000267728721900934)
(0.00762089760519787 0.141065260346707 -0.000266127608591327)
(0.00681336696446829 0.140546623831735 -0.000237928017228886)
(0.00676885405397631 0.141506230149956 -0.000236373592142189)
(0.00595805380249076 0.140986390464241 -0.000208059823456211)
(0.00591130944510433 0.141948423674731 -0.00020642747452688)
(0.00757010848006107 0.142025185348146 -0.000264354013259737)
(0.00510331608132549 0.141436093787306 -0.000178211724519497)
(0.00505357999669276 0.142396444834239 -0.000176474902172615)
(0.0051239193459291 0.140498708821708 -0.000178931206373497)
(0.00586487585071706 0.142916271447072 -0.000204805977680608)
(0.00424229851122438 0.141881019250299 -0.000148144328425651)
(0.00419174601814211 0.142844216845109 -0.000146378996467492)
(0.00927684353424193 0.141140128176448 -0.000323954514670273)
(0.00313879430163764 0.1277316530108 -0.000109609112289499)
(0.00337715586886652 0.142325322806979 -0.000117932881634391)
(0.00339552464462873 0.141378478462142 -0.000118574333418629)
(0.00996138628809328 0.127990883342972 -0.000347859274384762)
(0.00994641111803355 0.128719901910679 -0.000347336329923006)
(0.0033394481926925 0.143291998003173 -0.000116616100566648)
(0.00414843997680841 0.143816668920386 -0.000144866716180478)
(0.00763120640629941 0.125042650620047 -0.00026648759985833)
(0.00767939565029407 0.12436183945914 -0.000268170405339849)
(0.00308856004924557 0.128609716159146 -0.000107854893541125)
(0.00995284789537534 0.123881524433015 -0.000347561107140829)
(0.0104581495255496 0.124215053906999 -0.000365206628891948)
(0.0104380456057028 0.12480511178542 -0.000364504584541097)
(0.00383250799775944 0.129093693793106 -0.000133834128365037)
(0.00303757112304078 0.129501527708654 -0.000106074321002496)
(0.003794811533484 0.129990822812955 -0.00013251773882542)
(0.00298872096734872 0.130405040759287 -0.000104368435975938)
(0.00375583115075571 0.13089924875767 -0.000131156513865466)
(0.0029399651290575 0.131320086087744 -0.000102665844585593)
(0.0068860267059182 0.139586213092424 -0.000240465351311388)
(0.00371535988795888 0.131818866229802 -0.000129743226226298)
(0.0109586290770286 0.124525695921137 -0.000382683759944479)
(0.0109810804883824 0.123954671196753 -0.000383467780505131)
(0.0109422918969804 0.125117234602524 -0.000382113253045871)
(0.0028411466272733 0.132243812177914 -9.92150264632674e-05)
(0.00366688462741475 0.132751552964996 -0.000128050432826784)
(0.00278314719877445 0.133179469817142 -9.71896417900058e-05)
(0.00362395639940968 0.133692214097562 -0.00012655134607193)
(0.00888824900254075 0.123813125677749 -0.000310384494602982)
(0.00344741719260062 0.124468410694498 -0.000120386461124694)
(0.00329545482324842 0.14426542804667 -0.000115079818253126)
(0.00274519461649377 0.134124539391736 -9.58643084125658e-05)
(0.00358359688180481 0.134640408064559 -0.000125141960660852)
(0.00269991482326652 0.135076195219322 -9.42831031906429e-05)
(0.00354152196210711 0.135594840754813 -0.000123672672088705)
(0.00270368461137439 0.124816701887535 -9.44147470921904e-05)
(0.00263194407633403 0.125632676993215 -9.19095124048314e-05)
(0.00706774325651667 0.124657657367434 -0.000246811033087673)
(0.00697783425787471 0.125320613766947 -0.000243671341670863)
(0.00710879837147941 0.123981776047938 -0.000248244709293744)
(0.00998025644152202 0.127282286157022 -0.000348518234662921)
(0.0105727568920049 0.127648569580259 -0.00036920880631799)
(0.0105667427533789 0.126992664689639 -0.00036899878796934)
(0.00266470176285823 0.136033316110492 -9.30534360250261e-05)
(0.00349615729707023 0.136553038441714 -0.000122088503077881)
(0.00261988684332384 0.136993736006086 -9.14884645501743e-05)
(0.00345254245618836 0.137515097819378 -0.000120565439273026)
(0.0114521385355637 0.124831735993418 -0.000399917489987982)
(0.0025304726145855 0.142822237079147 -8.83660508791203e-05)
(0.00414114735718624 0.124156725287512 -0.000144612052291661)
(0.0086718415174888 0.13594258620853 -0.000302827378701194)
(0.00260724835811502 0.137958036300984 -9.10471189214723e-05)
(0.00344685870403506 0.138491270175869 -0.000120366958274233)
(0.00438230670796758 0.138081688359263 -0.000153033522391076)
(0.0040962509441667 0.144774650731503 -0.000143044235001599)
(0.0104198031075562 0.125401555176195 -0.000363867542468368)
(0.0109532533637133 0.125703772575788 -0.000382496035898943)
(0.00496658627120772 0.144339396583924 -0.000173437014337723)
(0.00933811067833593 0.129110462413171 -0.000326094010486597)
(0.0099365026364251 0.129457538291439 -0.000346990318120745)
(0.0105331080129678 0.129121132383214 -0.00036782423695253)
(0.0105576550212305 0.129871719040659 -0.000368681437369782)
(0.00992252206337928 0.130210039088461 -0.000346502105752049)
(0.0105774232054945 0.130605092770803 -0.000369371757575737)
(0.0099269111870633 0.130987017703928 -0.000346655377328489)
(0.01058419635876 0.131387000769694 -0.000369608281299653)
(0.00992525829387772 0.131781200973344 -0.000346597657026561)
(0.00920035840072306 0.131364517025908 -0.000321283594953115)
(0.00255977122526152 0.138932380145602 -8.9389180908966e-05)
(0.0077190110796826 0.123684147767236 -0.000269553806617843)
(0.00235161572608212 0.128120619188452 -8.21202307036826e-05)
(0.00437370247442259 0.134200463960485 -0.000152733055934798)
(0.00451128228652732 0.13135620560823 -0.000157537448840025)
(0.01058147037628 0.132185893685747 -0.00036951308789383)
(0.00991041333460561 0.1325955620508 -0.000346079259625706)
(0.0105820789264722 0.133016717838616 -0.000369534338934816)
(0.00985725350074258 0.133427596762442 -0.000344222877321155)
(0.00340459688129656 0.139467180566138 -0.00011889114290408)
(0.0025229350130268 0.139901633229559 -8.81028320325684e-05)
(0.010113157614238 0.140711668629105 -0.000353159245880518)
(0.0101011467578821 0.141699137404344 -0.000352739817534315)
(0.0092357081182749 0.142111748352806 -0.000322518034291341)
(0.010080213762423 0.142673813444404 -0.000352008821225117)
(0.00919237386641504 0.143082546316321 -0.000321004768871045)
(0.0100392195376127 0.143627930274514 -0.000350577271350024)
(0.00914523372931598 0.14405046703382 -0.0003193585990096)
(0.00995464816283744 0.144569939583458 -0.000347623973865896)
(0.00832558961652941 0.143521234119565 -0.000290735995881712)
(0.00827608780005096 0.14449098453553 -0.000289007354359045)
(0.00746440553856087 0.143963906088747 -0.000260662785205009)
(0.00491700034030475 0.145470200988256 -0.000171705435474627)
(0.00578649725502373 0.144869440217721 -0.000202068936807315)
(0.00240968351207576 0.127235362170924 -8.41480024732626e-05)
(0.00740983701165296 0.14493462302467 -0.000258757210255354)
(0.00649035255681505 0.124283600477414 -0.000226648105556714)
(0.0110314025427602 0.138404218591325 -0.000385225065366408)
(0.00281092071202988 0.123909821222768 -9.81595142443749e-05)
(0.00199813300912402 0.125175311134253 -6.97763422254721e-05)
(0.0105656506649633 0.133864652918201 -0.000368960651401516)
(0.00985369747964074 0.134485319547482 -0.00034409869832795)
(0.0109746837894524 0.141327018029097 -0.000383244402856286)
(0.00225147084588639 0.12990947923849 -7.86230944265887e-05)
(0.0111425517374715 0.127366074599392 -0.000389106480774117)
(0.0045698371888976 0.129548925811104 -0.000159582231088309)
(0.00654646852559489 0.123616154593706 -0.000228607718367281)
(0.00591374499465736 0.123896877464175 -0.000206512525791407)
(0.00161770566967755 0.12765149373431 -5.64915267963032e-05)
(0.0111647085544493 0.126693046489501 -0.000389880213872467)
(0.0110915485114641 0.128053676740919 -0.000387325408875377)
(0.0103552320935085 0.126036698226664 -0.00036161267297096)
(0.0111382790175644 0.130256366655175 -0.000388957274107138)
(0.010649322253643 0.134740407798931 -0.000371882527662807)
(0.00210726859210238 0.131737898136184 -7.35874407620069e-05)
(0.00913962466972264 0.133791125532113 -0.000319162726332476)
(0.00822808107656802 0.145461383718006 -0.000287330922634243)
(0.00601578732115995 0.123110394471069 -0.000210075922353605)
(0.00531971955770211 0.123511820162386 -0.000185768700435258)
(0.011278704589902 0.131913737674964 -0.000393861043149483)
(0.00900676267512656 0.13465329686609 -0.000314523083244972)
(0.0018549728985388 0.133595652508484 -6.47770810033124e-05)
(0.00542881421593646 0.122903221040729 -0.000189578369848241)
(0.0108475130559948 0.144152773546907 -0.000378803502987119)
(0.00323536873459947 0.145239831907786 -0.000112981565801755)
(0.00243349486684001 0.144770024429967 -8.49795133042711e-05)
(0.00238322518163294 0.145727619302774 -8.32240572147323e-05)
(0.0113486843870252 0.133427008983248 -0.000396304791513904)
(0.00436970304165381 0.136133507575147 -0.000152593392664982)
(0.00613497509423066 0.12546594779014 -0.000214238051103242)
(0.0108517438703886 0.145117391199359 -0.000378951246281326)
(0.00179476812498245 0.135515841770089 -6.26746839836483e-05)
(0.00738088117304447 0.145887794075309 -0.000257746050089866)
(0.00187078325104123 0.126034482720289 -6.53291906786331e-05)
(0.00532105483638156 0.124244175976593 -0.00018581532939423)
(0.00989996653542869 0.145561583313244 -0.000345714449359722)
(0.00936314462326972 0.126895619359798 -0.000326968215107099)
(0.00174463696836749 0.137449798285713 -6.09240654191427e-05)
(0.0114406545072616 0.124256323677098 -0.000399516458882806)
(0.0114491509832395 0.123695792983915 -0.000399813162361925)
(0.0110119888896186 0.1234013578948 -0.000384547125660058)
(0.0114836597543515 0.123155158135244 -0.00040101823520337)
(0.0110649503815235 0.12287818232089 -0.00038639658171081)
(0.0105830160834706 0.123093400914217 -0.000369567065178335)
(0.011886680478043 0.124480736735422 -0.000415092028995799)
(0.0119457815374815 0.125045033211013 -0.000417155883469166)
(0.00935588780227264 0.125442753703288 -0.000326714801333817)
(0.00944458958205476 0.123539798223794 -0.000329812335739096)
(0.00895867233137836 0.123231864029928 -0.000312843731436162)
(0.00949104639677954 0.122954020225967 -0.000331434643457421)
(0.00837031247142179 0.123453420889936 -0.000292297752388421)
(0.00847649487022934 0.122819884769519 -0.000296005723461261)
(0.00804012210274512 0.129174546883058 -0.000280767250635468)
(0.0061166328772252 0.126279726605868 -0.000213597526771227)
(0.0100174622113132 0.126591849248637 -0.000349817488773562)
(0.000763223146658353 0.125150588658324 -2.66523395752227e-05)
(0.0079639019880003 0.131758065162667 -0.00027810558557783)
(0.00868439696515302 0.132205287253276 -0.000303265824594942)
(0.00798049647776185 0.130881825928517 -0.000278685077929626)
(0.00875402161124726 0.130524859650601 -0.000305697170812144)
(0.00828889137514783 0.124082571640523 -0.000289454465053673)
(0.00677568716926599 0.126744430011176 -0.00023661220978613)
(0.00746173969490515 0.126411463380308 -0.000260569691893207)
(0.00789705189536068 0.135401457928419 -0.00027577112890226)
(0.00722683258528347 0.123371973851507 -0.000252366554866135)
(0.00794859129590549 0.133550296798868 -0.000277570924428428)
(0.00358720655422325 0.123787309884195 -0.000125268013199317)
(0.00410283457342941 0.123291123408057 -0.000143274140401501)
(0.00870894289618569 0.129558061591368 -0.000304122987394494)
(0.0119270903289614 0.135184300829316 -0.000416503172084913)
(0.00947841271973724 0.136423704277836 -0.000330993465733594)
(0.00948632995334663 0.122394520720488 -0.00033126994162348)
(0.00987494824507031 0.122706714629984 -0.000344840791409039)
(0.0100325364638758 0.123221548730325 -0.00035034389327256)
(0.012323261758864 0.122597039662155 -0.000430337783267758)
(0.000796948937830826 0.129975593608249 -2.78300701546834e-05)
(0.0114953854573333 0.12540267466249 -0.000401427705774324)
(0.0115118119462133 0.126072637987883 -0.000402001331406062)
(0.00451936658096274 0.130401971550572 -0.000157819758622508)
(0.0010144609070757 0.131950610015113 -3.54257554943798e-05)
(0.0118791319630601 0.123380592632687 -0.000414828429044075)
(0.00459342118165423 0.12867771466714 -0.000160405802263059)
(0.00532045578458902 0.129119116005163 -0.000185794410044669)
(0.000875265587818133 0.135980485627546 -3.0564947836256e-05)
(0.00181810968108998 0.13455481174814 -6.34897890840583e-05)
(0.000907417933314616 0.13402386779037 -3.16877324819577e-05)
(0.00183879857763368 0.132638252274531 -6.42122612712991e-05)
(0.00804429959819794 0.128350247978904 -0.000280913131991229)
(0.00947811204441243 0.13545549892749 -0.000330982965919884)
(0.0118194273548437 0.143806246629647 -0.000412743498182956)
(0.00210331787511518 0.122589732502943 -7.34494786847699e-05)
(0.00171404098656043 0.123251855155838 -5.98556301910845e-05)
(0.0120808593830967 0.130232013042087 -0.000421872905779336)
(0.000862626732829621 0.137937880142042 -3.01235892945626e-05)
(0.00171901914167887 0.138426867246763 -6.00294711984699e-05)
(0.00440393841301553 0.135165769615514 -0.000153788918176769)
(0.00524610342970199 0.136689448598793 -0.00018319796859849)
(0.00531572104809825 0.137682619163289 -0.000185629069403071)
(0.00615519735028194 0.138154241435934 -0.000214944227845412)
(0.00532560980866298 0.13863148521812 -0.000185974392531311)
(0.00436335839714218 0.139054452779456 -0.000152371832796484)
(0.0053051858528059 0.134624298474499 -0.000185261172276716)
(0.00428383668912568 0.139983174325311 -0.00014959487356125)
(0.00367696840518967 0.122539886972882 -0.000128402566106068)
(0.00444070983872728 0.132312069565165 -0.000155073004657931)
(0.00528229492353645 0.13189379849039 -0.000184461803412246)
(0.00440159949853097 0.133254946902703 -0.000153707241483192)
(0.012121951627033 0.128824827340415 -0.000423307878557737)
(0.0116057216999064 0.129168057728152 -0.000405280732267805)
(0.012181888890954 0.127495645521121 -0.000425400933935086)
(0.00772648962396401 0.139155080343102 -0.000269814963138828)
(0.0058233295347251 0.143890729746519 -0.000203355148356622)
(0.0070997904782684 0.122438574539988 -0.000247930146731316)
(0.0121951945402599 0.126271046584353 -0.000425865577447437)
(0.000850664740585063 0.139908647292346 -2.97058673207283e-05)
(0.00751596300051792 0.142992307592947 -0.000262463211449591)
(0.010498197225748 0.123640783624536 -0.000366605125399251)
(0.0110718408258523 0.12236260692034 -0.000386637201328912)
(0.0112866117195688 0.131025335662068 -0.000394137166201922)
(0.000794939422558969 0.14484152766401 -2.77598963350847e-05)
(0.0118600649041997 0.122790727507712 -0.000414162592676726)
(0.0110889316995068 0.135566987638308 -0.000387234027788213)
(0.000840411737658618 0.142871158108187 -2.93478245689357e-05)
(0.001664600809771 0.143336460300561 -5.81291411737895e-05)
(0.000841233497249084 0.141885963615525 -2.9376521046172e-05)
(0.00169974841118944 0.141390049386164 -5.93565224611107e-05)
(0.00176070802226996 0.136487874860136 -6.14852789879601e-05)
(0.0118434041248965 0.141889696841221 -0.000413580785443126)
(0.0109859450686442 0.142321207413547 -0.000383637655391127)
(0.011847658285196 0.138948040336508 -0.000413729343994323)
(0.010993515588651 0.139356540861646 -0.000383902023775218)
(0.0105236746733681 0.128375346539606 -0.000367494817474831)
(0.00826768160008197 0.146427146254009 -0.000288713803387627)
(0.00536980378980559 0.146460209797841 -0.000187517680359715)
(0.0102514435986984 0.146460209797843 -0.000357988298867798)
(0.00439347582802246 0.14646020979784 -0.000153423556657938)
(0.00602002668764151 0.140035539893154 -0.000210223964293299)
(0.00500800127562309 0.143366998117397 -0.000174883258160413)
(0.0090730007186239 0.144983955021137 -0.000316836166693527)
(0.00777773359305635 0.138208986543734 -0.000271604441971344)
(0.0118685806560658 0.1379445349502 -0.000414459969284692)
(0.00842571286549963 0.141585959208001 -0.000294232376779766)
(0.000836613986937476 0.12711073947918 -2.92152041914156e-05)
(0.00322517688943778 0.126892860685649 -0.000112625658726169)
(0.00698261113591985 0.137707059232418 -0.000243838153927968)
(0.00837757599121633 0.142553163489631 -0.000292551400088865)
(0.00169654707841847 0.14040446449308 -5.92447294573494e-05)
(0.00254896123231572 0.140901373856148 -8.90116876370985e-05)
(0.00784172203013166 0.12310868559584 -0.000273838967432588)
(0.0101884874702398 0.138807089549905 -0.000355789822417803)
(0.00924068327132243 0.132881255606447 -0.0003226917704641)
(0.00671590970904178 0.14247057646293 -0.000234524734876839)
(0.00170032881963475 0.139415423288071 -5.93767907706407e-05)
(0.0118286360221791 0.140885585570587 -0.0004130650719323)
(0.00437708899678003 0.137109233326264 -0.000152851315901421)
(0.00399352197505961 0.126535756900756 -0.000139456860351286)
(0.0120374829309151 0.131746493626598 -0.000420358166691335)
(0.000772641830599329 0.123322855700324 -2.69812472660411e-05)
(0.00231801382787843 0.129011743006565 -8.09468265620263e-05)
(0.00571035575572889 0.133828951164686 -0.000199410017061683)
(0.00218028128570233 0.130817085187494 -7.61371002051824e-05)
(0.00666709735149717 0.143439011022521 -0.000232820169790674)
(0.00990138313232976 0.125099509414256 -0.000345763918013567)
(0.0020816707659231 0.124381593907338 -7.26935449745105e-05)
(0.00662323955947063 0.144411580575801 -0.000231288621944899)
(0.00530638082130368 0.128234213901092 -0.000185302901496177)
(0.00249592036103693 0.12318546225222 -8.71594595975304e-05)
(0.000808553517564732 0.12808421486579 -2.82353110086197e-05)
(0.00755887604557559 0.1257220128198 -0.000263961768004239)
(0.00657985679003124 0.145382007032492 -0.000229773662253392)
(0.00695978949833681 0.138636216165726 -0.000243041204782506)
(0.00590365402849347 0.131258876702171 -0.000206160141488049)
(0.00599525107259587 0.128685029317051 -0.000209358780751274)
(0.0101482747368859 0.139770316348923 -0.000354385562825718)
(0.00341129397222529 0.140430935356601 -0.000119125010472668)
(0.00166116363290597 0.142373033659912 -5.80091123127834e-05)
(0.00869320495802777 0.128749718195102 -0.000303573406483806)
(0.0025473028013288 0.141855865946555 -8.89537739508862e-05)
(0.0117086742669727 0.145797061671757 -0.000408875915130912)
(0.00330735287488791 0.12608245199304 -0.00011549530737183)
(0.00519792802981893 0.139544976317432 -0.000181515646564001)
(0.0116107100793428 0.128441105610198 -0.000405454930316244)
(0.00426003154074311 0.140934735000561 -0.000148763579461865)
(0.00150440987900796 0.146449463757646 -5.25351506059449e-05)
(0.00686877212499694 0.126031778985778 -0.00023986280806836)
(0.0111533400499386 0.132621968835528 -0.000389483216946985)
(0.00247680600834387 0.143805902764958 -8.6491971693152e-05)
(0.0120171965381498 0.122280053358699 -0.000419649750245759)
(0.00609076301344339 0.139098112020465 -0.00021269413122132)
(0.00158419647768046 0.128545002914141 -5.53213600267181e-05)
(0.0109824807588156 0.140328995679392 -0.000383516679026155)
(0.00160900976756261 0.14434011611286 -5.61878592030244e-05)
(0.00577077939001842 0.122437004377759 -0.000201520056866562)
(0.00241891522680611 0.146621944055919 -8.44703810553749e-05)
(0.00399976892607766 0.145660199373137 -0.000139675008687813)
(0.00987095888475496 0.125716759519714 -0.000344701479877047)
(0.0109926438281238 0.143259025335298 -0.000383871581226794)
(0.012117683053263 0.133402686833184 -0.000423158816677055)
(0.00252511266180042 0.126450265786046 -8.8178877203426e-05)
(0.00650482419793952 0.124874324661269 -0.000227153466400589)
(0.00157145281876689 0.145334541990139 -5.48763416513157e-05)
(0.00170573536702583 0.126823760153158 -5.95655915658305e-05)
(0.00590283358859228 0.124542180794481 -0.000206131491095377)
(0.00836925153784067 0.122294355424945 -0.000292260703771389)
(0.00475242675628927 0.12462752581425 -0.000165958399282792)
(0.0117518971954427 0.126603504326179 -0.000410385293052771)
(0.00581337659607072 0.145717324705803 -0.000203007584080107)
(0.00596649703915746 0.129515136194078 -0.000208354667777613)
(0.00675608385235757 0.122988616177249 -0.000235927646875098)
(0.0111429952110881 0.134245090926257 -0.000389121967214057)
(0.012280267924157 0.123610993091471 -0.000428836405476391)
(0.00934193334449021 0.129907736049477 -0.000326227500930215)
(0.00476132050701724 0.123833160057049 -0.000166268975901881)
(0.001565626509189 0.129451287269325 -5.46728824375586e-05)
(0.0117013041403771 0.127171547919963 -0.000408618544638941)
(0.00482886866211001 0.123125521015461 -0.000168627809455468)
(0.0114466824180574 0.122722238383868 -0.000399726958166225)
(0.0116497905611672 0.127767210004181 -0.00040681965081366)
(0.00524830520487604 0.129913317116082 -0.000183274856281816)
(0.0110837893895882 0.128797338218559 -0.000387054454368888)
(0.0118564264704253 0.123938717136833 -0.00041403553576958)
(0.0032787946969879 0.123140653084771 -0.000114498033824279)
(0.0108911616786601 0.12619691426675 -0.000380327746477847)
(0.00138593496554517 0.124705385917407 -4.83979154623563e-05)
(0.00942914932138062 0.130598833903675 -0.000329273149955202)
(0.00154191624075202 0.130373639673707 -5.38449016188834e-05)
(0.00741593886210551 0.122851829590779 -0.00025897029156848)
(0.0110934431742886 0.129509753265379 -0.000387391571959136)
(0.00522004750964364 0.130861138442668 -0.000182288075820237)
(0.00732245971336587 0.146691942383021 -0.000255705927763059)
(0.0100421993650512 0.122280971818804 -0.000350681329217129)
(0.0085166350885771 0.131346911004194 -0.000297407450773531)
(0.00893398700754232 0.14576937194276 -0.000311981700932655)
(0.0107855519062008 0.145897678494388 -0.000376639771957717)
(0.0123135096157866 0.124657799067806 -0.000429997230927303)
(0.000615160680926238 0.122531345364315 -2.14818843390116e-05)
(0.00511720035136721 0.122373378114057 -0.000178696573913185)
(0.0119784493246575 0.146590568411113 -0.000418296667734948)
(0.00145430906554804 0.123980597841395 -5.07855916477619e-05)
(0.00070843513824424 0.146594970737016 -2.47391001624815e-05)
(0.00153023337571878 0.131167047728033 -5.34369269820543e-05)
(0.0103364609372757 0.122707982226407 -0.000360957169751059)
(0.00939222205313637 0.132165564581955 -0.000327983621332885)
(0.0123692739969119 0.125132594244183 -0.000431944566026429)
(0.0123624034075055 0.122236817703349 -0.000431704639757497)
(0.00858353065592545 0.135213810928734 -0.000299743495460923)
(0.00853877810168413 0.133157516138522 -0.000298180701830095)
(0.0102282154803637 0.13531856609813 -0.000357177155101706)
(0.00597239207776576 0.132069258741694 -0.000208560527061998)
(0.00138531576204796 0.125515399364599 -4.83762923997615e-05)
(0.00849272912084514 0.133980191638609 -0.000296572635984886)
(0.0116155771901691 0.129879189220818 -0.000405624893571496)
(0.0116533385742203 0.130593279135282 -0.000406943550159641)
(0.0113187907271181 0.13484005290277 -0.000395260881907021)
(0.00907145803618837 0.122772549467114 -0.000316782295035797)
(0.00493994457422561 0.132830528578714 -0.000172506665778542)
(0.00215517020312231 0.123748108280307 -7.52602018787172e-05)
(0.0105041893114173 0.126484616212786 -0.000366814373641685)
(0.00499685313781004 0.133679534725853 -0.000174493956609581)
(0.00990099035094579 0.126127314612432 -0.000345750201785397)
(0.0107227791081575 0.122668612757684 -0.000374447697546895)
)


// ************************************************************************* //
