
H2                 1    38.000     2.920     0.000     0.790   280.000
H                  0   145.000     2.050     0.000     0.000     0.000
O                  0    80.000     2.750     0.000     0.000     0.000
O2                 1   107.400     3.458     0.000     1.600     3.800
OH                 1    80.000     2.750     0.000     0.000     0.000
H2O                2   572.400     2.605     1.844     0.000     4.000
HO2                2   107.400     3.458     0.000     0.000     1.000
H2O2               2   107.400     3.458     0.000     0.000     3.800
C                  0    71.400     3.298     0.000     0.000     0.000
CH                 1    80.000     2.750     0.000     0.000     0.000
CH2                1   144.000     3.800     0.000     0.000     0.000
CH2*               1   144.000     3.800     0.000     0.000     0.000
CH3                1   144.000     3.800     0.000     0.000     0.000
CH4                2   141.400     3.746     0.000     2.600    13.000
CO                 1    98.100     3.650     0.000     1.950     1.800
CO2                1   244.000     3.763     0.000     2.650     2.100
HCO                2   498.000     3.590     0.000     0.000     0.000
CH2O               2   498.000     3.590     0.000     0.000     2.000
CH2OH              2   417.000     3.690     1.700     0.000     2.000
CH3O               2   417.000     3.690     1.700     0.000     2.000
CH3OH              2   481.800     3.626     0.000     0.000     1.000
C2H                1   265.300     3.721     0.000     0.000     2.500
C2H2               1   265.300     3.721     0.000     0.000     2.500
H2CC               2   209.000     4.100     0.000     0.000     2.500
C2H3               2   265.300     3.721     0.000     0.000     1.000
C2H4               2   238.400     3.496     0.000     0.000     1.500
C2H5               2   247.500     4.350     0.000     0.000     1.500
C2H6               2   247.500     4.350     0.000     0.000     1.500
HCCO               2   150.000     2.500     0.000     0.000     1.000
CH2CO              2   436.000     3.970     0.000     0.000     2.000
HCCOH              2   436.000     3.970     0.000     0.000     2.000
C2O                1   232.400     3.828     0.000     0.000     1.000
CH2CHO             2   436.000     3.970     0.000     0.000     2.000
CH3CHO             2   436.000     3.970     0.000     0.000     2.000
CH3CO              2   436.000     3.970     0.000     0.000     2.000
C3H2               2   209.000     4.100     0.000     0.000     1.000
C3H3               1   324.800     4.290     0.000     0.000     1.000
pC3H4              1   252.000     4.760     0.000     0.000     1.000
aC3H4              1   252.000     4.760     0.000     0.000     1.000
cC3H4              1   252.000     4.760     0.000     0.000     1.000
aC3H5              2   316.000     4.220     0.000     0.000     1.000
CH3CCH2            2   316.000     4.220     0.000     0.000     1.000
CH3CHCH            2   316.000     4.220     0.000     0.000     1.000
C3H6               2   307.800     4.140     0.000     0.000     1.000
C2H3CHO            2   428.800     4.958     2.900     0.000     1.000
nC3H7              2   303.400     4.810     0.000     0.000     1.000
iC3H7              2   303.400     4.810     0.000     0.000     1.000
C3H8               2   303.400     4.810     0.000     0.000     1.000
A1                 2   464.800     5.290     0.000    10.320     0.000
A1-                2   464.800     5.290     0.000    10.320     0.000
N2                 1    97.530     3.621     0.000     1.760     4.000
