
C2H4               2   238.400     3.496     0.000     0.000     1.500
H2                 1    38.000     2.920     0.000     0.790   280.000
O2                 1   107.400     3.458     0.000     1.600     3.800
H2O                2   572.400     2.605     1.844     0.000     4.000
CO                 1    98.100     3.650     0.000     1.950     1.800
CO2                1   244.000     3.763     0.000     2.650     2.100
N2                 1    97.530     3.621     0.000     1.760     4.000
A1                 1   464.800     5.290     0.000     10.32     1.000
A1OH               1   410.000     5.920     0.000     0.000     1.000
CH4                1   141.400     3.746     0.000     2.600    13.000
C                  1    71.400     3.298     0.000     0.000     1.000
